Application/input/D/tree-height.asc
NCOLS 200 
NROWS 200 
XLLCORNER 449600.00012207 
YLLCORNER 5642080.00012207 
CELLSIZE 5 
NODATA_value -3.4e+38 
[rows 105 to 125 of 200, columns 144 to 191 of 200]
22.989990234375 30.9499816894531 30.9499816894531 25.2799987792969 25.2799987792969 23.2400054931641 23.2400054931641 22.9100036621094 22.9100036621094 8.20001220703125 8.20001220703125 30.8299865722656 30.8299865722656 20.5299987792969 20.5299987792969 29.1199951171875 29.1199951171875 21.0400085449219 21.0400085449219 26.8399963378906 26.8399963378906 24.2200012207031 24.2200012207031 26.260009765625 26.260009765625 26.8899841308594 26.8899841308594 19.1300048828125 19.1300048828125 18.1999816894531 18.1999816894531 23.8700256347656 23.8700256347656 27.9500122070312 27.9500122070312 26.3200073242188 26.3200073242188 17.9100036621094 17.9100036621094 0.160003662109375 0.160003662109375 17.0299987792969 17.0299987792969 2.83999633789062 2.83999633789062 22.3200073242188 22.3200073242188 0
22.989990234375 30.9499816894531 30.9499816894531 25.2799987792969 25.2799987792969 23.2400054931641 23.2400054931641 22.9100036621094 22.9100036621094 8.20001220703125 8.20001220703125 30.8299865722656 30.8299865722656 20.5299987792969 20.5299987792969 29.1199951171875 29.1199951171875 21.0400085449219 21.0400085449219 26.8399963378906 26.8399963378906 24.2200012207031 24.2200012207031 26.260009765625 26.260009765625 26.8899841308594 26.8899841308594 19.1300048828125 19.1300048828125 18.1999816894531 18.1999816894531 23.8700256347656 23.8700256347656 27.9500122070312 27.9500122070312 26.3200073242188 26.3200073242188 17.9100036621094 17.9100036621094 0.160003662109375 0.160003662109375 17.0299987792969 17.0299987792969 2.83999633789062 2.83999633789062 22.3200073242188 22.3200073242188 0
32.9700164794922 24.9199981689453 24.9199981689453 15.3999938964844 15.3999938964844 9.29000854492188 9.29000854492188 14.4199981689453 14.4199981689453 14.1600036621094 14.1600036621094 29.9299926757812 29.9299926757812 25.6399841308594 25.6399841308594 31.9499816894531 31.9499816894531 27.3599853515625 27.3599853515625 17.47998046875 17.47998046875 28.27001953125 28.27001953125 17.2200012207031 17.2200012207031 23.5199890136719 23.5199890136719 22.8800048828125 22.8800048828125 21.4300231933594 21.4300231933594 20.2999877929688 20.2999877929688 23.3600158691406 23.3600158691406 22.1499938964844 22.1499938964844 23.6199951171875 23.6199951171875 1.3900146484375 1.3900146484375 20.2599792480469 20.2599792480469 9.05999755859375 9.05999755859375 0.399993896484375 0.399993896484375 0
32.9700164794922 24.9199981689453 24.9199981689453 15.3999938964844 15.3999938964844 9.29000854492188 9.29000854492188 14.4199981689453 14.4199981689453 14.1600036621094 14.1600036621094 29.9299926757812 29.9299926757812 25.6399841308594 25.6399841308594 31.9499816894531 31.9499816894531 27.3599853515625 27.3599853515625 17.47998046875 17.47998046875 28.27001953125 28.27001953125 17.2200012207031 17.2200012207031 23.5199890136719 23.5199890136719 22.8800048828125 22.8800048828125 21.4300231933594 21.4300231933594 20.2999877929688 20.2999877929688 23.3600158691406 23.3600158691406 22.1499938964844 22.1499938964844 23.6199951171875 23.6199951171875 1.3900146484375 1.3900146484375 20.2599792480469 20.2599792480469 9.05999755859375 9.05999755859375 0.399993896484375 0.399993896484375 0
16.0800170898438 36.1199951171875 36.1199951171875 12.1600036621094 12.1600036621094 16.7799987792969 16.7799987792969 14.8099975585938 14.8099975585938 13.4900207519531 13.4900207519531 31.5800170898438 31.5800170898438 9.17999267578125 9.17999267578125 27.4100036621094 27.4100036621094 26.8999938964844 26.8999938964844 29.6900024414062 29.6900024414062 0.20001220703125 0.20001220703125 5.43002319335938 5.43002319335938 2.42999267578125 2.42999267578125 21.9100036621094 21.9100036621094 23.9500122070312 23.9500122070312 20.77001953125 20.77001953125 20.4600219726562 20.4600219726562 17.010009765625 17.010009765625 12.6700134277344 12.6700134277344 21.25 21.25 1.04000854492188 1.04000854492188 14.3699951171875 14.3699951171875 4.69998168945312 4.69998168945312 0.03997802734375
16.0800170898438 36.1199951171875 36.1199951171875 12.1600036621094 12.1600036621094 16.7799987792969 16.7799987792969 14.8099975585938 14.8099975585938 13.4900207519531 13.4900207519531 31.5800170898438 31.5800170898438 9.17999267578125 9.17999267578125 27.4100036621094 27.4100036621094 26.8999938964844 26.8999938964844 29.6900024414062 29.6900024414062 0.20001220703125 0.20001220703125 5.43002319335938 5.43002319335938 2.42999267578125 2.42999267578125 21.9100036621094 21.9100036621094 23.9500122070312 23.9500122070312 20.77001953125 20.77001953125 20.4600219726562 20.4600219726562 17.010009765625 17.010009765625 12.6700134277344 12.6700134277344 21.25 21.25 1.04000854492188 1.04000854492188 14.3699951171875 14.3699951171875 4.69998168945312 4.69998168945312 0.03997802734375
25.4199981689453 30.0800018310547 30.0800018310547 24.6300048828125 24.6300048828125 5.90998840332031 5.90998840332031 12.3599853515625 12.3599853515625 24.0099792480469 24.0099792480469 30.0499877929688 30.0499877929688 30.6999816894531 30.6999816894531 27.489990234375 27.489990234375 21.1400146484375 21.1400146484375 30.25 30.25 7.35000610351562 7.35000610351562 28.3299865722656 28.3299865722656 22.0499877929688 22.0499877929688 11.9800109863281 11.9800109863281 22 22 25.0899963378906 25.0899963378906 17.8200073242188 17.8200073242188 23.1399841308594 23.1399841308594 17.260009765625 17.260009765625 20.3399963378906 20.3399963378906 4.67001342773438 4.67001342773438 27.3099975585938 27.3099975585938 22.5299987792969 22.5299987792969 0.54998779296875
25.4199981689453 30.0800018310547 30.0800018310547 24.6300048828125 24.6300048828125 5.90998840332031 5.90998840332031 12.3599853515625 12.3599853515625 24.0099792480469 24.0099792480469 30.0499877929688 30.0499877929688 30.6999816894531 30.6999816894531 27.489990234375 27.489990234375 21.1400146484375 21.1400146484375 30.25 30.25 7.35000610351562 7.35000610351562 28.3299865722656 28.3299865722656 22.0499877929688 22.0499877929688 11.9800109863281 11.9800109863281 22 22 25.0899963378906 25.0899963378906 17.8200073242188 17.8200073242188 23.1399841308594 23.1399841308594 17.260009765625 17.260009765625 20.3399963378906 20.3399963378906 4.67001342773438 4.67001342773438 27.3099975585938 27.3099975585938 22.5299987792969 22.5299987792969 0.54998779296875
32.4199981689453 27.0500030517578 27.0500030517578 20.5900115966797 20.5900115966797 21.1699981689453 21.1699981689453 27.9700012207031 27.9700012207031 24.27001953125 24.27001953125 26.1600036621094 26.1600036621094 23.3500061035156 23.3500061035156 18 18 33.1199951171875 33.1199951171875 18.8500061035156 18.8500061035156 22.6600036621094 22.6600036621094 13.6000061035156 13.6000061035156 21.1799926757812 21.1799926757812 20.6000061035156 20.6000061035156 0 0 23.3999938964844 23.3999938964844 25.7900085449219 25.7900085449219 11.5 11.5 21.47998046875 21.47998046875 17.2999877929688 17.2999877929688 18.7300109863281 18.7300109863281 15.2999877929688 15.2999877929688 10.9700012207031 10.9700012207031 21.6199951171875
32.4199981689453 27.0500030517578 27.0500030517578 20.5900115966797 20.5900115966797 21.1699981689453 21.1699981689453 27.9700012207031 27.9700012207031 24.27001953125 24.27001953125 26.1600036621094 26.1600036621094 23.3500061035156 23.3500061035156 18 18 33.1199951171875 33.1199951171875 18.8500061035156 18.8500061035156 22.6600036621094 22.6600036621094 13.6000061035156 13.6000061035156 21.1799926757812 21.1799926757812 20.6000061035156 20.6000061035156 0 0 23.3999938964844 23.3999938964844 25.7900085449219 25.7900085449219 11.5 11.5 21.47998046875 21.47998046875 17.2999877929688 17.2999877929688 18.7300109863281 18.7300109863281 15.2999877929688 15.2999877929688 10.9700012207031 10.9700012207031 21.6199951171875
0.0500030517578125 28.0499877929688 28.0499877929688 28.2000122070312 28.2000122070312 32.2700042724609 32.2700042724609 28.0799865722656 28.0799865722656 22.4599914550781 22.4599914550781 18.4300231933594 18.4300231933594 31.6099853515625 31.6099853515625 22.3599853515625 22.3599853515625 22.760009765625 22.760009765625 6.05001831054688 6.05001831054688 0 0 27.0400085449219 27.0400085449219 24.7000122070312 24.7000122070312 27.3300170898438 27.3300170898438 22.8800048828125 22.8800048828125 27.239990234375 27.239990234375 20.4100036621094 20.4100036621094 26.3200073242188 26.3200073242188 15.8399963378906 15.8399963378906 18.489990234375 18.489990234375 17.9400024414062 17.9400024414062 23 23 25.5400085449219 25.5400085449219 22.260009765625
0.0500030517578125 28.0499877929688 28.0499877929688 28.2000122070312 28.2000122070312 32.2700042724609 32.2700042724609 28.0799865722656 28.0799865722656 22.4599914550781 22.4599914550781 18.4300231933594 18.4300231933594 31.6099853515625 31.6099853515625 22.3599853515625 22.3599853515625 22.760009765625 22.760009765625 6.05001831054688 6.05001831054688 0 0 27.0400085449219 27.0400085449219 24.7000122070312 24.7000122070312 27.3300170898438 27.3300170898438 22.8800048828125 22.8800048828125 27.239990234375 27.239990234375 20.4100036621094 20.4100036621094 26.3200073242188 26.3200073242188 15.8399963378906 15.8399963378906 18.489990234375 18.489990234375 17.9400024414062 17.9400024414062 23 23 25.5400085449219 25.5400085449219 22.260009765625
8.81001281738281 28.989990234375 28.989990234375 25.97998046875 25.97998046875 26.6000213623047 26.6000213623047 35.6000061035156 35.6000061035156 7.75997924804688 7.75997924804688 19.760009765625 19.760009765625 0 0 16.9900207519531 16.9900207519531 26.0699768066406 26.0699768066406 26.6499938964844 26.6499938964844 12.1499938964844 12.1499938964844 29.0800170898438 29.0800170898438 26.5900268554688 26.5900268554688 24.8500061035156 24.8500061035156 21.75 21.75 0.739990234375 0.739990234375 23.1300048828125 23.1300048828125 27.1900024414062 27.1900024414062 16.1499938964844 16.1499938964844 15.5599975585938 15.5599975585938 23.7300109863281 23.7300109863281 17.8099975585938 17.8099975585938 19.2400207519531 19.2400207519531 25.2200012207031
8.81001281738281 28.989990234375 28.989990234375 25.97998046875 25.97998046875 26.6000213623047 26.6000213623047 35.6000061035156 35.6000061035156 7.75997924804688 7.75997924804688 19.760009765625 19.760009765625 0 0 16.9900207519531 16.9900207519531 26.0699768066406 26.0699768066406 26.6499938964844 26.6499938964844 12.1499938964844 12.1499938964844 29.0800170898438 29.0800170898438 26.5900268554688 26.5900268554688 24.8500061035156 24.8500061035156 21.75 21.75 0.739990234375 0.739990234375 23.1300048828125 23.1300048828125 27.1900024414062 27.1900024414062 16.1499938964844 16.1499938964844 15.5599975585938 15.5599975585938 23.7300109863281 23.7300109863281 17.8099975585938 17.8099975585938 19.2400207519531 19.2400207519531 25.2200012207031
24.75 26.5699920654297 26.5699920654297 11.0800170898438 11.0800170898438 26.6399841308594 26.6399841308594 21.4400024414062 21.4400024414062 4.79998779296875 4.79998779296875 29.5299987792969 29.5299987792969 26.6799926757812 26.6799926757812 0 0 2.83999633789062 2.83999633789062 10.8100280761719 10.8100280761719 21 21 25.9599914550781 25.9599914550781 28.2999877929688 28.2999877929688 14.9599914550781 14.9599914550781 5.14999389648438 5.14999389648438 22.5400085449219 22.5400085449219 22.1799926757812 22.1799926757812 0.3800048828125 0.3800048828125 25.5199890136719 25.5199890136719 27.4499816894531 27.4499816894531 21.0700073242188 21.0700073242188 17.7799987792969 17.7799987792969 18.1600036621094 18.1600036621094 24.3500061035156
24.75 26.5699920654297 26.5699920654297 11.0800170898438 11.0800170898438 26.6399841308594 26.6399841308594 21.4400024414062 21.4400024414062 4.79998779296875 4.79998779296875 29.5299987792969 29.5299987792969 26.6799926757812 26.6799926757812 0 0 2.83999633789062 2.83999633789062 10.8100280761719 10.8100280761719 21 21 25.9599914550781 25.9599914550781 28.2999877929688 28.2999877929688 14.9599914550781 14.9599914550781 5.14999389648438 5.14999389648438 22.5400085449219 22.5400085449219 22.1799926757812 22.1799926757812 0.3800048828125 0.3800048828125 25.5199890136719 25.5199890136719 27.4499816894531 27.4499816894531 21.0700073242188 21.0700073242188 17.7799987792969 17.7799987792969 18.1600036621094 18.1600036621094 24.3500061035156
27.9099884033203 37.3399963378906 37.3399963378906 30.9400024414062 30.9400024414062 24.3500061035156 24.3500061035156 28.4199829101562 28.4199829101562 32.8399963378906 32.8399963378906 1.55001831054688 1.55001831054688 0.010009765625 0.010009765625 14.9299926757812 14.9299926757812 25.5099792480469 25.5099792480469 0.519989013671875 0.519989013671875 22.5299987792969 22.5299987792969 21.0499877929688 21.0499877929688 25 25 27.4500122070312 27.4500122070312 22.3000183105469 22.3000183105469 27.0899963378906 27.0899963378906 26.9700012207031 26.9700012207031 21.9700012207031 21.9700012207031 13.1799926757812 13.1799926757812 20.6600036621094 20.6600036621094 25.9200134277344 25.9200134277344 15.0899963378906 15.0899963378906 18.5700073242188 18.5700073242188 11.7599792480469
27.9099884033203 37.3399963378906 37.3399963378906 30.9400024414062 30.9400024414062 24.3500061035156 24.3500061035156 28.4199829101562 28.4199829101562 32.8399963378906 32.8399963378906 1.55001831054688 1.55001831054688 0.010009765625 0.010009765625 14.9299926757812 14.9299926757812 25.5099792480469 25.5099792480469 0.519989013671875 0.519989013671875 22.5299987792969 22.5299987792969 21.0499877929688 21.0499877929688 25 25 27.4500122070312 27.4500122070312 22.3000183105469 22.3000183105469 27.0899963378906 27.0899963378906 26.9700012207031 26.9700012207031 21.9700012207031 21.9700012207031 13.1799926757812 13.1799926757812 20.6600036621094 20.6600036621094 25.9200134277344 25.9200134277344 15.0899963378906 15.0899963378906 18.5700073242188 18.5700073242188 11.7599792480469
6.14997863769531 33.5599975585938 33.5599975585938 31.3599853515625 31.3599853515625 36.9200134277344 36.9200134277344 18.9400024414062 18.9400024414062 12.0299987792969 12.0299987792969 24.5800170898438 24.5800170898438 1.38998413085938 1.38998413085938 22.5700073242188 22.5700073242188 31.1199951171875 31.1199951171875 12.9800109863281 12.9800109863281 8.19998168945312 8.19998168945312 19.0199890136719 19.0199890136719 20.8800048828125 20.8800048828125 20.6799926757812 20.6799926757812 21.1499938964844 21.1499938964844 15.8899841308594 15.8899841308594 23.0299987792969 23.0299987792969 25.25 25.25 21.3600158691406 21.3600158691406 20.3699951171875 20.3699951171875 16.7799987792969 16.7799987792969 25.4400024414062 25.4400024414062 0.110015869140625 0.110015869140625 22.4100036621094
6.14997863769531 33.5599975585938 33.5599975585938 31.3599853515625 31.3599853515625 36.9200134277344 36.9200134277344 18.9400024414062 18.9400024414062 12.0299987792969 12.0299987792969 24.5800170898438 24.5800170898438 1.38998413085938 1.38998413085938 22.5700073242188 22.5700073242188 31.1199951171875 31.1199951171875 12.9800109863281 12.9800109863281 8.19998168945312 8.19998168945312 19.0199890136719 19.0199890136719 20.8800048828125 20.8800048828125 20.6799926757812 20.6799926757812 21.1499938964844 21.1499938964844 15.8899841308594 15.8899841308594 23.0299987792969 23.0299987792969 25.25 25.25 21.3600158691406 21.3600158691406 20.3699951171875 20.3699951171875 16.7799987792969 16.7799987792969 25.4400024414062 25.4400024414062 0.110015869140625 0.110015869140625 22.4100036621094
38.2799987792969 33.1300048828125 33.1300048828125 8.16000366210938 8.16000366210938 34.6900024414062 34.6900024414062 20.0700073242188 20.0700073242188 2.76998901367188 2.76998901367188 25.0299987792969 25.0299987792969 25.3599853515625 25.3599853515625 16.3800048828125 16.3800048828125 27.8300170898438 27.8300170898438 23.6699829101562 23.6699829101562 21.6700134277344 21.6700134277344 11.8100280761719 11.8100280761719 23.25 23.25 29.010009765625 29.010009765625 24.8000183105469 24.8000183105469 17.7099914550781 17.7099914550781 24.7999877929688 24.7999877929688 27.2799987792969 27.2799987792969 23.52001953125 23.52001953125 19.8599853515625 19.8599853515625 8.89999389648438 8.89999389648438 19.0199890136719 19.0199890136719 23.1499938964844 23.1499938964844 22.739990234375
