Application/input/D/tree-height.asc
NCOLS 200 
NROWS 200 
XLLCORNER 449600.00012207 
YLLCORNER 5642080.00012207 
CELLSIZE 5 
NODATA_value -3.4e+38 
[rows 0 to 20 of 200, columns 48 to 95 of 200]
6.23001098632812 0.089996337890625 0.089996337890625 0 0 0 0 0 0 0 0 0.03997802734375 0.03997802734375 0 0 0.009979248046875 0.009979248046875 0 0 0 0 0.07000732421875 0.07000732421875 0 0 0.029998779296875 0.029998779296875 0 0 0 0 10.5499877929688 10.5499877929688 21.3799743652344 21.3799743652344 23.97998046875 23.97998046875 23.3499755859375 23.3499755859375 5.59002685546875 5.59002685546875 23.7300109863281 23.7300109863281 23.010009765625 23.010009765625 31.1799926757812 31.1799926757812 8.47000122070312
0 0 0 0 0 0 0 0 0 0 0 0.02001953125 0.02001953125 0 0 0 0 0 0 0 0 0.009979248046875 0.009979248046875 0 0 0 0 0 0 0 0 21.3299865722656 21.3299865722656 27.2999877929688 27.2999877929688 29.7699890136719 29.7699890136719 28.3300170898438 28.3300170898438 29.4299926757812 29.4299926757812 14.4500122070312 14.4500122070312 26.3599853515625 26.3599853515625 29.75 29.75 5.98001098632812
0 0 0 0 0 0 0 0 0 0 0 0.02001953125 0.02001953125 0 0 0 0 0 0 0 0 0.009979248046875 0.009979248046875 0 0 0 0 0 0 0 0 21.3299865722656 21.3299865722656 27.2999877929688 27.2999877929688 29.7699890136719 29.7699890136719 28.3300170898438 28.3300170898438 29.4299926757812 29.4299926757812 14.4500122070312 14.4500122070312 26.3599853515625 26.3599853515625 29.75 29.75 5.98001098632812
0 0.040008544921875 0.040008544921875 0 0 0 0 0 0 0 0 0.050018310546875 0.050018310546875 0 0 0 0 0 0 0 0 0.05999755859375 0.05999755859375 0 0 0.009979248046875 0.009979248046875 0 0 0.16998291015625 0.16998291015625 21.9100036621094 21.9100036621094 28.25 28.25 28.010009765625 28.010009765625 27.6999816894531 27.6999816894531 28.4700012207031 28.4700012207031 29.7900085449219 29.7900085449219 27.6900024414062 27.6900024414062 28.6300048828125 28.6300048828125 23.1799926757812
0 0.040008544921875 0.040008544921875 0 0 0 0 0 0 0 0 0.050018310546875 0.050018310546875 0 0 0 0 0 0 0 0 0.05999755859375 0.05999755859375 0 0 0.009979248046875 0.009979248046875 0 0 0.16998291015625 0.16998291015625 21.9100036621094 21.9100036621094 28.25 28.25 28.010009765625 28.010009765625 27.6999816894531 27.6999816894531 28.4700012207031 28.4700012207031 29.7900085449219 29.7900085449219 27.6900024414062 27.6900024414062 28.6300048828125 28.6300048828125 23.1799926757812
0 0.09002685546875 0.09002685546875 0 0 0.009979248046875 0.009979248046875 0 0 0 0 0.1300048828125 0.1300048828125 0 0 0.07000732421875 0.07000732421875 0 0 0.010009765625 0.010009765625 0.1400146484375 0.1400146484375 0 0 0.160003662109375 0.160003662109375 0 0 0.269989013671875 0.269989013671875 23.5400085449219 23.5400085449219 26.6300048828125 26.6300048828125 27.0899963378906 27.0899963378906 23.7099914550781 23.7099914550781 29.2300109863281 29.2300109863281 27.8699951171875 27.8699951171875 19.7799987792969 19.7799987792969 32.5 32.5 21.1699829101562
0 0.09002685546875 0.09002685546875 0 0 0.009979248046875 0.009979248046875 0 0 0 0 0.1300048828125 0.1300048828125 0 0 0.07000732421875 0.07000732421875 0 0 0.010009765625 0.010009765625 0.1400146484375 0.1400146484375 0 0 0.160003662109375 0.160003662109375 0 0 0.269989013671875 0.269989013671875 23.5400085449219 23.5400085449219 26.6300048828125 26.6300048828125 27.0899963378906 27.0899963378906 23.7099914550781 23.7099914550781 29.2300109863281 29.2300109863281 27.8699951171875 27.8699951171875 19.7799987792969 19.7799987792969 32.5 32.5 21.1699829101562
0 0.02001953125 0.02001953125 0 0 0 0 0 0 0 0 0.029998779296875 0.029998779296875 0 0 0 0 0 0 0 0 0.029998779296875 0.029998779296875 0 0 0 0 0 0 0 0 0.069976806640625 0.069976806640625 14.47998046875 14.47998046875 23.9499816894531 23.9499816894531 28.489990234375 28.489990234375 29.8200073242188 29.8200073242188 28.3800048828125 28.3800048828125 27.8900146484375 27.8900146484375 28.9700012207031 28.9700012207031 21.5799865722656
0 0.02001953125 0.02001953125 0 0 0 0 0 0 0 0 0.029998779296875 0.029998779296875 0 0 0 0 0 0 0 0 0.029998779296875 0.029998779296875 0 0 0 0 0 0 0 0 0.069976806640625 0.069976806640625 14.47998046875 14.47998046875 23.9499816894531 23.9499816894531 28.489990234375 28.489990234375 29.8200073242188 29.8200073242188 28.3800048828125 28.3800048828125 27.8900146484375 27.8900146484375 28.9700012207031 28.9700012207031 21.5799865722656
0 0.040008544921875 0.040008544921875 0 0 0 0 0 0 0 0 0.08001708984375 0.08001708984375 0 0 0.040008544921875 0.040008544921875 0 0 0 0 0.110015869140625 0.110015869140625 0 0 0.03997802734375 0.03997802734375 0 0 0.05999755859375 0.05999755859375 0.1400146484375 0.1400146484375 0 0 7.22000122070312 7.22000122070312 20.5400085449219 20.5400085449219 25.7200012207031 25.7200012207031 21.0899963378906 21.0899963378906 24.5500183105469 24.5500183105469 28.5 28.5 34.4100036621094
0 0.040008544921875 0.040008544921875 0 0 0 0 0 0 0 0 0.08001708984375 0.08001708984375 0 0 0.040008544921875 0.040008544921875 0 0 0 0 0.110015869140625 0.110015869140625 0 0 0.03997802734375 0.03997802734375 0 0 0.05999755859375 0.05999755859375 0.1400146484375 0.1400146484375 0 0 7.22000122070312 7.22000122070312 20.5400085449219 20.5400085449219 25.7200012207031 25.7200012207031 21.0899963378906 21.0899963378906 24.5500183105469 24.5500183105469 28.5 28.5 34.4100036621094
0 0 0 0 0 0 0 0 0 0 0 0 0 0 0 0 0 0 0 0 0 0.010009765625 0.010009765625 0 0 0 0 0 0 0 0 0 0 0 0 10.1799926757812 10.1799926757812 12.7099914550781 12.7099914550781 14.9700012207031 14.9700012207031 27.3800048828125 27.3800048828125 23.7799987792969 23.7799987792969 23.4700012207031 23.4700012207031 9
0 0 0 0 0 0 0 0 0 0 0 0 0 0 0 0 0 0 0 0 0 0.010009765625 0.010009765625 0 0 0 0 0 0 0 0 0 0 0 0 10.1799926757812 10.1799926757812 12.7099914550781 12.7099914550781 14.9700012207031 14.9700012207031 27.3800048828125 27.3800048828125 23.7799987792969 23.7799987792969 23.4700012207031 23.4700012207031 9
0 0.04998779296875 0.04998779296875 0 0 0 0 0 0 0 0 0.05999755859375 0.05999755859375 0 0 0.019989013671875 0.019989013671875 0 0 0.029998779296875 0.029998779296875 0.19000244140625 0.19000244140625 0 0 0.04998779296875 0.04998779296875 0 0 0 0 0.050018310546875 0.050018310546875 2.82998657226562 2.82998657226562 19.0199890136719 19.0199890136719 20.2300109863281 20.2300109863281 21.6900024414062 21.6900024414062 18.6799926757812 18.6799926757812 27.0099792480469 27.0099792480469 25.7799987792969 25.7799987792969 18.4700012207031
0 0.04998779296875 0.04998779296875 0 0 0 0 0 0 0 0 0.05999755859375 0.05999755859375 0 0 0.019989013671875 0.019989013671875 0 0 0.029998779296875 0.029998779296875 0.19000244140625 0.19000244140625 0 0 0.04998779296875 0.04998779296875 0 0 0 0 0.050018310546875 0.050018310546875 2.82998657226562 2.82998657226562 19.0199890136719 19.0199890136719 20.2300109863281 20.2300109863281 21.6900024414062 21.6900024414062 18.6799926757812 18.6799926757812 27.0099792480469 27.0099792480469 25.7799987792969 25.7799987792969 18.4700012207031
0 0.050018310546875 0.050018310546875 0 0 0.05999755859375 0.05999755859375 0 0 0.04998779296875 0.04998779296875 0.1199951171875 0.1199951171875 0.050018310546875 0.050018310546875 0.199981689453125 0.199981689453125 0.08001708984375 0.08001708984375 0.079986572265625 0.079986572265625 0.100006103515625 0.100006103515625 0 0 0.1199951171875 0.1199951171875 0 0 0.07000732421875 0.07000732421875 0.1199951171875 0.1199951171875 0 0 0.05999755859375 0.05999755859375 9.30999755859375 9.30999755859375 23.0299987792969 23.0299987792969 20.4400024414062 20.4400024414062 16.1399841308594 16.1399841308594 12.7900085449219 12.7900085449219 18.9299926757812
0 0.050018310546875 0.050018310546875 0 0 0.05999755859375 0.05999755859375 0 0 0.04998779296875 0.04998779296875 0.1199951171875 0.1199951171875 0.050018310546875 0.050018310546875 0.199981689453125 0.199981689453125 0.08001708984375 0.08001708984375 0.079986572265625 0.079986572265625 0.100006103515625 0.100006103515625 0 0 0.1199951171875 0.1199951171875 0 0 0.07000732421875 0.07000732421875 0.1199951171875 0.1199951171875 0 0 0.05999755859375 0.05999755859375 9.30999755859375 9.30999755859375 23.0299987792969 23.0299987792969 20.4400024414062 20.4400024414062 16.1399841308594 16.1399841308594 12.7900085449219 12.7900085449219 18.9299926757812
0 0 0 0 0 0 0 0 0 0 0 0.230010986328125 0.230010986328125 0 0 0 0 0 0 0.009979248046875 0.009979248046875 0.089996337890625 0.089996337890625 0.029998779296875 0.029998779296875 0.010009765625 0.010009765625 0 0 0 0 0.040008544921875 0.040008544921875 0 0 0 0 0 0 9.74002075195312 9.74002075195312 21.3600158691406 21.3600158691406 19.8999938964844 19.8999938964844 21.6000061035156 21.6000061035156 10.2400207519531
0 0 0 0 0 0 0 0 0 0 0 0.230010986328125 0.230010986328125 0 0 0 0 0 0 0.009979248046875 0.009979248046875 0.089996337890625 0.089996337890625 0.029998779296875 0.029998779296875 0.010009765625 0.010009765625 0 0 0 0 0.040008544921875 0.040008544921875 0 0 0 0 0 0 9.74002075195312 9.74002075195312 21.3600158691406 21.3600158691406 19.8999938964844 19.8999938964844 21.6000061035156 21.6000061035156 10.2400207519531
0 0 0 0 0 0.079986572265625 0.079986572265625 0.04998779296875 0.04998779296875 0.04998779296875 0.04998779296875 0.079986572265625 0.079986572265625 0.05999755859375 0.05999755859375 0.1300048828125 0.1300048828125 0.029998779296875 0.029998779296875 0.05999755859375 0.05999755859375 0.16998291015625 0.16998291015625 0.05999755859375 0.05999755859375 0.1199951171875 0.1199951171875 0 0 0.069976806640625 0.069976806640625 0.1199951171875 0.1199951171875 0.010009765625 0.010009765625 0.04998779296875 0.04998779296875 0 0 0.05999755859375 0.05999755859375 5.17001342773438 5.17001342773438 17.8500061035156 17.8500061035156 11.8600158691406 11.8600158691406 23.4299926757812
0 0 0 0 0 0.079986572265625 0.079986572265625 0.04998779296875 0.04998779296875 0.04998779296875 0.04998779296875 0.079986572265625 0.079986572265625 0.05999755859375 0.05999755859375 0.1300048828125 0.1300048828125 0.029998779296875 0.029998779296875 0.05999755859375 0.05999755859375 0.16998291015625 0.16998291015625 0.05999755859375 0.05999755859375 0.1199951171875 0.1199951171875 0 0 0.069976806640625 0.069976806640625 0.1199951171875 0.1199951171875 0.010009765625 0.010009765625 0.04998779296875 0.04998779296875 0 0 0.05999755859375 0.05999755859375 5.17001342773438 5.17001342773438 17.8500061035156 17.8500061035156 11.8600158691406 11.8600158691406 23.4299926757812
