Application/input/D/tree-height.asc
NCOLS 200 
NROWS 200 
XLLCORNER 449600.00012207 
YLLCORNER 5642080.00012207 
CELLSIZE 5 
NODATA_value -3.4e+38 
[rows 84 to 104 of 200, columns 48 to 95 of 200]
0.100006103515625 0.029998779296875 0.029998779296875 5.8800048828125 5.8800048828125 13.9400024414062 13.9400024414062 12.010009765625 12.010009765625 21.1499938964844 21.1499938964844 7.17999267578125 7.17999267578125 7.4000244140625 7.4000244140625 4.33001708984375 4.33001708984375 6.76998901367188 6.76998901367188 8.8800048828125 8.8800048828125 10.0299987792969 10.0299987792969 10.9299926757812 10.9299926757812 9.1400146484375 9.1400146484375 10.1099853515625 10.1099853515625 9.3699951171875 9.3699951171875 4.73001098632812 4.73001098632812 0.6300048828125 0.6300048828125 1.33001708984375 1.33001708984375 33.3600158691406 33.3600158691406 32.1700134277344 32.1700134277344 31.1000061035156 31.1000061035156 15.0799865722656 15.0799865722656 25.9299926757812 25.9299926757812 20.72998046875
0.04998779296875 11.3699951171875 11.3699951171875 9.31002807617188 9.31002807617188 7.73001098632812 7.73001098632812 9.42001342773438 9.42001342773438 8.76998901367188 8.76998901367188 7.989990234375 7.989990234375 7.739990234375 7.739990234375 8.75 8.75 6.45001220703125 6.45001220703125 8.90997314453125 8.90997314453125 8.5 8.5 8.92001342773438 8.92001342773438 8.78997802734375 8.78997802734375 9.05001831054688 9.05001831054688 8.81997680664062 8.81997680664062 4.67001342773438 4.67001342773438 0 0 23.6399841308594 23.6399841308594 8.82000732421875 8.82000732421875 31.0799865722656 31.0799865722656 25.5399780273438 25.5399780273438 19.6099853515625 19.6099853515625 6.20001220703125 6.20001220703125 31.1900024414062
0.04998779296875 11.3699951171875 11.3699951171875 9.31002807617188 9.31002807617188 7.73001098632812 7.73001098632812 9.42001342773438 9.42001342773438 8.76998901367188 8.76998901367188 7.989990234375 7.989990234375 7.739990234375 7.739990234375 8.75 8.75 6.45001220703125 6.45001220703125 8.90997314453125 8.90997314453125 8.5 8.5 8.92001342773438 8.92001342773438 8.78997802734375 8.78997802734375 9.05001831054688 9.05001831054688 8.81997680664062 8.81997680664062 4.67001342773438 4.67001342773438 0 0 23.6399841308594 23.6399841308594 8.82000732421875 8.82000732421875 31.0799865722656 31.0799865722656 25.5399780273438 25.5399780273438 19.6099853515625 19.6099853515625 6.20001220703125 6.20001220703125 31.1900024414062
0 11.5800170898438 11.5800170898438 6.98001098632812 6.98001098632812 6.9000244140625 6.9000244140625 7.47000122070312 7.47000122070312 0.980010986328125 0.980010986328125 10.0199890136719 10.0199890136719 10.0399780273438 10.0399780273438 8.91000366210938 8.91000366210938 5.69000244140625 5.69000244140625 9.5 9.5 8.16000366210938 8.16000366210938 8.82998657226562 8.82998657226562 8.41000366210938 8.41000366210938 8.8699951171875 8.8699951171875 7.58001708984375 7.58001708984375 22.5199890136719 22.5199890136719 25.1600036621094 25.1600036621094 4.80001831054688 4.80001831054688 5.1199951171875 5.1199951171875 28.9700012207031 28.9700012207031 20.6299743652344 20.6299743652344 18.739990234375 18.739990234375 23.5700073242188 23.5700073242188 24.8500061035156
0 11.5800170898438 11.5800170898438 6.98001098632812 6.98001098632812 6.9000244140625 6.9000244140625 7.47000122070312 7.47000122070312 0.980010986328125 0.980010986328125 10.0199890136719 10.0199890136719 10.0399780273438 10.0399780273438 8.91000366210938 8.91000366210938 5.69000244140625 5.69000244140625 9.5 9.5 8.16000366210938 8.16000366210938 8.82998657226562 8.82998657226562 8.41000366210938 8.41000366210938 8.8699951171875 8.8699951171875 7.58001708984375 7.58001708984375 22.5199890136719 22.5199890136719 25.1600036621094 25.1600036621094 4.80001831054688 4.80001831054688 5.1199951171875 5.1199951171875 28.9700012207031 28.9700012207031 20.6299743652344 20.6299743652344 18.739990234375 18.739990234375 23.5700073242188 23.5700073242188 24.8500061035156
0 6.08999633789062 6.08999633789062 9.80999755859375 9.80999755859375 8.20999145507812 8.20999145507812 8.46002197265625 8.46002197265625 8.989990234375 8.989990234375 7.8699951171875 7.8699951171875 7.39999389648438 7.39999389648438 21.7900085449219 21.7900085449219 4.97998046875 4.97998046875 6.70001220703125 6.70001220703125 6.86001586914062 6.86001586914062 0.760009765625 0.760009765625 11.3800048828125 11.3800048828125 24.0700073242188 24.0700073242188 24.5 24.5 20.8099975585938 20.8099975585938 25.1799926757812 25.1799926757812 23.3399963378906 23.3399963378906 25.5299987792969 25.5299987792969 25.72998046875 25.72998046875 30.4200134277344 30.4200134277344 28.5 28.5 34.5599975585938 34.5599975585938 28.6900024414062
0 6.08999633789062 6.08999633789062 9.80999755859375 9.80999755859375 8.20999145507812 8.20999145507812 8.46002197265625 8.46002197265625 8.989990234375 8.989990234375 7.8699951171875 7.8699951171875 7.39999389648438 7.39999389648438 21.7900085449219 21.7900085449219 4.97998046875 4.97998046875 6.70001220703125 6.70001220703125 6.86001586914062 6.86001586914062 0.760009765625 0.760009765625 11.3800048828125 11.3800048828125 24.0700073242188 24.0700073242188 24.5 24.5 20.8099975585938 20.8099975585938 25.1799926757812 25.1799926757812 23.3399963378906 23.3399963378906 25.5299987792969 25.5299987792969 25.72998046875 25.72998046875 30.4200134277344 30.4200134277344 28.5 28.5 34.5599975585938 34.5599975585938 28.6900024414062
7.26998901367188 12.9400024414062 12.9400024414062 15.8699951171875 15.8699951171875 14.97998046875 14.97998046875 10.1400146484375 10.1400146484375 8.25997924804688 8.25997924804688 19.6100158691406 19.6100158691406 12.7300109863281 12.7300109863281 20.3899841308594 20.3899841308594 20.3899841308594 20.3899841308594 22.22998046875 22.22998046875 23.8200073242188 23.8200073242188 25.3600158691406 25.3600158691406 25.6499938964844 25.6499938964844 25.3900146484375 25.3900146484375 23.3199768066406 23.3199768066406 25.3700256347656 25.3700256347656 30.3500061035156 30.3500061035156 25.1000061035156 25.1000061035156 21.989990234375 21.989990234375 6.80999755859375 6.80999755859375 28.6900024414062 28.6900024414062 28.1199951171875 28.1199951171875 24.8500061035156 24.8500061035156 21.5299987792969
7.26998901367188 12.9400024414062 12.9400024414062 15.8699951171875 15.8699951171875 14.97998046875 14.97998046875 10.1400146484375 10.1400146484375 8.25997924804688 8.25997924804688 19.6100158691406 19.6100158691406 12.7300109863281 12.7300109863281 20.3899841308594 20.3899841308594 20.3899841308594 20.3899841308594 22.22998046875 22.22998046875 23.8200073242188 23.8200073242188 25.3600158691406 25.3600158691406 25.6499938964844 25.6499938964844 25.3900146484375 25.3900146484375 23.3199768066406 23.3199768066406 25.3700256347656 25.3700256347656 30.3500061035156 30.3500061035156 25.1000061035156 25.1000061035156 21.989990234375 21.989990234375 6.80999755859375 6.80999755859375 28.6900024414062 28.6900024414062 28.1199951171875 28.1199951171875 24.8500061035156 24.8500061035156 21.5299987792969
8.8900146484375 9.78997802734375 9.78997802734375 13.8899841308594 13.8899841308594 14.239990234375 14.239990234375 16.5899963378906 16.5899963378906 13.7699890136719 13.7699890136719 14.9299926757812 14.9299926757812 4.71002197265625 4.71002197265625 9.35000610351562 9.35000610351562 12.8399963378906 12.8399963378906 19.1199951171875 19.1199951171875 22.77001953125 22.77001953125 15.489990234375 15.489990234375 20.1100158691406 20.1100158691406 22.0900268554688 22.0900268554688 23.7899780273438 23.7899780273438 26.5899963378906 26.5899963378906 23.6200256347656 23.6200256347656 16.6199951171875 16.6199951171875 26.5199890136719 26.5199890136719 24.2900085449219 24.2900085449219 20.27001953125 20.27001953125 29.4299926757812 29.4299926757812 30.0700073242188 30.0700073242188 16.7900085449219
8.8900146484375 9.78997802734375 9.78997802734375 13.8899841308594 13.8899841308594 14.239990234375 14.239990234375 16.5899963378906 16.5899963378906 13.7699890136719 13.7699890136719 14.9299926757812 14.9299926757812 4.71002197265625 4.71002197265625 9.35000610351562 9.35000610351562 12.8399963378906 12.8399963378906 19.1199951171875 19.1199951171875 22.77001953125 22.77001953125 15.489990234375 15.489990234375 20.1100158691406 20.1100158691406 22.0900268554688 22.0900268554688 23.7899780273438 23.7899780273438 26.5899963378906 26.5899963378906 23.6200256347656 23.6200256347656 16.6199951171875 16.6199951171875 26.5199890136719 26.5199890136719 24.2900085449219 24.2900085449219 20.27001953125 20.27001953125 29.4299926757812 29.4299926757812 30.0700073242188 30.0700073242188 16.7900085449219
12.5299987792969 12.8000183105469 12.8000183105469 8.39999389648438 8.39999389648438 14.8899841308594 14.8899841308594 15.3500061035156 15.3500061035156 15.9800109863281 15.9800109863281 17.6000061035156 17.6000061035156 14.47998046875 14.47998046875 11.1399841308594 11.1399841308594 5.1400146484375 5.1400146484375 6.89999389648438 6.89999389648438 16.1099853515625 16.1099853515625 1.80999755859375 1.80999755859375 24.1300048828125 24.1300048828125 19.7099914550781 19.7099914550781 20.3399963378906 20.3399963378906 29.6700134277344 29.6700134277344 25.1799926757812 25.1799926757812 19.9500122070312 19.9500122070312 12.6099853515625 12.6099853515625 28.3900146484375 28.3900146484375 32.219970703125 32.219970703125 25.8200073242188 25.8200073242188 21.1800231933594 21.1800231933594 5.0999755859375
12.5299987792969 12.8000183105469 12.8000183105469 8.39999389648438 8.39999389648438 14.8899841308594 14.8899841308594 15.3500061035156 15.3500061035156 15.9800109863281 15.9800109863281 17.6000061035156 17.6000061035156 14.47998046875 14.47998046875 11.1399841308594 11.1399841308594 5.1400146484375 5.1400146484375 6.89999389648438 6.89999389648438 16.1099853515625 16.1099853515625 1.80999755859375 1.80999755859375 24.1300048828125 24.1300048828125 19.7099914550781 19.7099914550781 20.3399963378906 20.3399963378906 29.6700134277344 29.6700134277344 25.1799926757812 25.1799926757812 19.9500122070312 19.9500122070312 12.6099853515625 12.6099853515625 28.3900146484375 28.3900146484375 32.219970703125 32.219970703125 25.8200073242188 25.8200073242188 21.1800231933594 21.1800231933594 5.0999755859375
10.4800109863281 11.4200134277344 11.4200134277344 8.05001831054688 8.05001831054688 10.0799865722656 10.0799865722656 15.0999755859375 15.0999755859375 15.77001953125 15.77001953125 14.1700134277344 14.1700134277344 13.0199890136719 13.0199890136719 13.010009765625 13.010009765625 9.76998901367188 9.76998901367188 7.73001098632812 7.73001098632812 4.75 4.75 10.02001953125 10.02001953125 11.6300048828125 11.6300048828125 15.5 15.5 25.1400146484375 25.1400146484375 22.8600158691406 22.8600158691406 21.9000244140625 21.9000244140625 27.6099853515625 27.6099853515625 22.1700134277344 22.1700134277344 31 31 29.3800048828125 29.3800048828125 17.3699951171875 17.3699951171875 5.82000732421875 5.82000732421875 28.9400024414062
10.4800109863281 11.4200134277344 11.4200134277344 8.05001831054688 8.05001831054688 10.0799865722656 10.0799865722656 15.0999755859375 15.0999755859375 15.77001953125 15.77001953125 14.1700134277344 14.1700134277344 13.0199890136719 13.0199890136719 13.010009765625 13.010009765625 9.76998901367188 9.76998901367188 7.73001098632812 7.73001098632812 4.75 4.75 10.02001953125 10.02001953125 11.6300048828125 11.6300048828125 15.5 15.5 25.1400146484375 25.1400146484375 22.8600158691406 22.8600158691406 21.9000244140625 21.9000244140625 27.6099853515625 27.6099853515625 22.1700134277344 22.1700134277344 31 31 29.3800048828125 29.3800048828125 17.3699951171875 17.3699951171875 5.82000732421875 5.82000732421875 28.9400024414062
14.7799987792969 3.6099853515625 3.6099853515625 11.5599975585938 11.5599975585938 15.6000061035156 15.6000061035156 14.8899841308594 14.8899841308594 18.4199829101562 18.4199829101562 11.760009765625 11.760009765625 10.6100158691406 10.6100158691406 15.6300048828125 15.6300048828125 4.08999633789062 4.08999633789062 8.77999877929688 8.77999877929688 8.9000244140625 8.9000244140625 7.64999389648438 7.64999389648438 10.4800109863281 10.4800109863281 13.8199768066406 13.8199768066406 17.2799987792969 17.2799987792969 24.3400268554688 24.3400268554688 21.8200073242188 21.8200073242188 12.1799926757812 12.1799926757812 30.489990234375 30.489990234375 0 0 28.4100036621094 28.4100036621094 28.4499816894531 28.4499816894531 23.3099975585938 23.3099975585938 29.1400146484375
14.7799987792969 3.6099853515625 3.6099853515625 11.5599975585938 11.5599975585938 15.6000061035156 15.6000061035156 14.8899841308594 14.8899841308594 18.4199829101562 18.4199829101562 11.760009765625 11.760009765625 10.6100158691406 10.6100158691406 15.6300048828125 15.6300048828125 4.08999633789062 4.08999633789062 8.77999877929688 8.77999877929688 8.9000244140625 8.9000244140625 7.64999389648438 7.64999389648438 10.4800109863281 10.4800109863281 13.8199768066406 13.8199768066406 17.2799987792969 17.2799987792969 24.3400268554688 24.3400268554688 21.8200073242188 21.8200073242188 12.1799926757812 12.1799926757812 30.489990234375 30.489990234375 0 0 28.4100036621094 28.4100036621094 28.4499816894531 28.4499816894531 23.3099975585938 23.3099975585938 29.1400146484375
12.5399780273438 15.7999877929688 15.7999877929688 14.3800048828125 14.3800048828125 8.16998291015625 8.16998291015625 15.5599975585938 15.5599975585938 14.760009765625 14.760009765625 17.6199951171875 17.6199951171875 17.989990234375 17.989990234375 17.3099975585938 17.3099975585938 14.3500061035156 14.3500061035156 14.3500061035156 14.3500061035156 11.4099731445312 11.4099731445312 8.260009765625 8.260009765625 10.8800048828125 10.8800048828125 6.33999633789062 6.33999633789062 18.9800109863281 18.9800109863281 17.4900207519531 17.4900207519531 17.4299926757812 17.4299926757812 19.3699951171875 19.3699951171875 21.4400024414062 21.4400024414062 11.0699768066406 11.0699768066406 27.6199951171875 27.6199951171875 28.3000183105469 28.3000183105469 24.9400024414062 24.9400024414062 26.6900024414062
12.5399780273438 15.7999877929688 15.7999877929688 14.3800048828125 14.3800048828125 8.16998291015625 8.16998291015625 15.5599975585938 15.5599975585938 14.760009765625 14.760009765625 17.6199951171875 17.6199951171875 17.989990234375 17.989990234375 17.3099975585938 17.3099975585938 14.3500061035156 14.3500061035156 14.3500061035156 14.3500061035156 11.4099731445312 11.4099731445312 8.260009765625 8.260009765625 10.8800048828125 10.8800048828125 6.33999633789062 6.33999633789062 18.9800109863281 18.9800109863281 17.4900207519531 17.4900207519531 17.4299926757812 17.4299926757812 19.3699951171875 19.3699951171875 21.4400024414062 21.4400024414062 11.0699768066406 11.0699768066406 27.6199951171875 27.6199951171875 28.3000183105469 28.3000183105469 24.9400024414062 24.9400024414062 26.6900024414062
9.97000122070312 16.1500244140625 16.1500244140625 16.6800231933594 16.6800231933594 14.9900207519531 14.9900207519531 8.78997802734375 8.78997802734375 15.25 15.25 16.0400085449219 16.0400085449219 15.6999816894531 15.6999816894531 14.9500122070312 14.9500122070312 17.0400085449219 17.0400085449219 15.1900024414062 15.1900024414062 12.0899963378906 12.0899963378906 14.5400085449219 14.5400085449219 9.73001098632812 9.73001098632812 0.199981689453125 0.199981689453125 15.8200073242188 15.8200073242188 16.6799926757812 16.6799926757812 18.8300170898438 18.8300170898438 15.7999877929688 15.7999877929688 10.3500061035156 10.3500061035156 20.4599914550781 20.4599914550781 23.7799987792969 23.7799987792969 24.2200012207031 24.2200012207031 26.1300048828125 26.1300048828125 26.8899841308594
9.97000122070312 16.1500244140625 16.1500244140625 16.6800231933594 16.6800231933594 14.9900207519531 14.9900207519531 8.78997802734375 8.78997802734375 15.25 15.25 16.0400085449219 16.0400085449219 15.6999816894531 15.6999816894531 14.9500122070312 14.9500122070312 17.0400085449219 17.0400085449219 15.1900024414062 15.1900024414062 12.0899963378906 12.0899963378906 14.5400085449219 14.5400085449219 9.73001098632812 9.73001098632812 0.199981689453125 0.199981689453125 15.8200073242188 15.8200073242188 16.6799926757812 16.6799926757812 18.8300170898438 18.8300170898438 15.7999877929688 15.7999877929688 10.3500061035156 10.3500061035156 20.4599914550781 20.4599914550781 23.7799987792969 23.7799987792969 24.2200012207031 24.2200012207031 26.1300048828125 26.1300048828125 26.8899841308594
