Application/input/D/tree-height.asc
NCOLS 200 
NROWS 200 
XLLCORNER 449600.00012207 
YLLCORNER 5642080.00012207 
CELLSIZE 5 
NODATA_value -3.4e+38 
[rows 168 to 188 of 200, columns 48 to 95 of 200]
0.80999755859375 22.6199951171875 22.6199951171875 15.1300048828125 15.1300048828125 15.5399780273438 15.5399780273438 17.0500183105469 17.0500183105469 18.9100036621094 18.9100036621094 17.1099853515625 17.1099853515625 17.6400146484375 17.6400146484375 20.3800048828125 20.3800048828125 21.2800140380859 21.2800140380859 20.0500030517578 20.0500030517578 28 28 8.64999389648438 8.64999389648438 0.139999389648438 0.139999389648438 7.03999328613281 7.03999328613281 7.47000122070312 7.47000122070312 10.2799987792969 10.2799987792969 14.5200042724609 14.5200042724609 4.14999389648438 4.14999389648438 16.7099914550781 16.7099914550781 20 20 20.4499969482422 20.4499969482422 11.9700012207031 11.9700012207031 5.80999755859375 5.80999755859375 3.94000244140625
31.1300048828125 20.7699890136719 20.7699890136719 9.53001403808594 9.53001403808594 20.1900024414062 20.1900024414062 20.1300048828125 20.1300048828125 19.2799987792969 19.2799987792969 19.1199951171875 19.1199951171875 20.5499877929688 20.5499877929688 27.5099792480469 27.5099792480469 5.10000610351562 5.10000610351562 6.33000183105469 6.33000183105469 4.72000122070312 4.72000122070312 0 0 4.52999877929688 4.52999877929688 8.06999206542969 8.06999206542969 5.43998718261719 5.43998718261719 13.1899871826172 13.1899871826172 15.4999847412109 15.4999847412109 20.5399932861328 20.5399932861328 17.2500152587891 17.2500152587891 19.489990234375 19.489990234375 10.2699890136719 10.2699890136719 4.71002197265625 4.71002197265625 4.27999877929688 4.27999877929688 15.0099792480469
31.1300048828125 20.7699890136719 20.7699890136719 9.53001403808594 9.53001403808594 20.1900024414062 20.1900024414062 20.1300048828125 20.1300048828125 19.2799987792969 19.2799987792969 19.1199951171875 19.1199951171875 20.5499877929688 20.5499877929688 27.5099792480469 27.5099792480469 5.10000610351562 5.10000610351562 6.33000183105469 6.33000183105469 4.72000122070312 4.72000122070312 0 0 4.52999877929688 4.52999877929688 8.06999206542969 8.06999206542969 5.43998718261719 5.43998718261719 13.1899871826172 13.1899871826172 15.4999847412109 15.4999847412109 20.5399932861328 20.5399932861328 17.2500152587891 17.2500152587891 19.489990234375 19.489990234375 10.2699890136719 10.2699890136719 4.71002197265625 4.71002197265625 4.27999877929688 4.27999877929688 15.0099792480469
32.1999969482422 33.0299835205078 33.0299835205078 28.7799987792969 28.7799987792969 22.3099975585938 22.3099975585938 15.4100036621094 15.4100036621094 21.9099884033203 21.9099884033203 23.1299896240234 23.1299896240234 15.6600036621094 15.6600036621094 10.6700134277344 10.6700134277344 34.3500061035156 34.3500061035156 40.1499938964844 40.1499938964844 28.1600036621094 28.1600036621094 1.69000244140625 1.69000244140625 8.97000122070312 8.97000122070312 11.9399871826172 11.9399871826172 5.61000061035156 5.61000061035156 13.2499847412109 13.2499847412109 12.5400085449219 12.5400085449219 15.3500061035156 15.3500061035156 7.71000671386719 7.71000671386719 14.1300048828125 14.1300048828125 11.5700073242188 11.5700073242188 26.0899963378906 26.0899963378906 20.3499755859375 20.3499755859375 1.82998657226562
32.1999969482422 33.0299835205078 33.0299835205078 28.7799987792969 28.7799987792969 22.3099975585938 22.3099975585938 15.4100036621094 15.4100036621094 21.9099884033203 21.9099884033203 23.1299896240234 23.1299896240234 15.6600036621094 15.6600036621094 10.6700134277344 10.6700134277344 34.3500061035156 34.3500061035156 40.1499938964844 40.1499938964844 28.1600036621094 28.1600036621094 1.69000244140625 1.69000244140625 8.97000122070312 8.97000122070312 11.9399871826172 11.9399871826172 5.61000061035156 5.61000061035156 13.2499847412109 13.2499847412109 12.5400085449219 12.5400085449219 15.3500061035156 15.3500061035156 7.71000671386719 7.71000671386719 14.1300048828125 14.1300048828125 11.5700073242188 11.5700073242188 26.0899963378906 26.0899963378906 20.3499755859375 20.3499755859375 1.82998657226562
28.0099792480469 24.5599975585938 24.5599975585938 29.7100219726562 29.7100219726562 28.7000122070312 28.7000122070312 11.1399993896484 11.1399993896484 30.1699981689453 30.1699981689453 30.8900146484375 30.8900146484375 34.9000091552734 34.9000091552734 26.2400054931641 26.2400054931641 32.9400177001953 32.9400177001953 12.4000091552734 12.4000091552734 0 0 10.5099945068359 10.5099945068359 9.07998657226562 9.07998657226562 10.5599975585938 10.5599975585938 12.3600006103516 12.3600006103516 13.4999847412109 13.4999847412109 18.4399871826172 18.4399871826172 11.8600006103516 11.8600006103516 17.0299987792969 17.0299987792969 6.07000732421875 6.07000732421875 1.04998779296875 1.04998779296875 12.8199768066406 12.8199768066406 0.6500244140625 0.6500244140625 22.4700012207031
28.0099792480469 24.5599975585938 24.5599975585938 29.7100219726562 29.7100219726562 28.7000122070312 28.7000122070312 11.1399993896484 11.1399993896484 30.1699981689453 30.1699981689453 30.8900146484375 30.8900146484375 34.9000091552734 34.9000091552734 26.2400054931641 26.2400054931641 32.9400177001953 32.9400177001953 12.4000091552734 12.4000091552734 0 0 10.5099945068359 10.5099945068359 9.07998657226562 9.07998657226562 10.5599975585938 10.5599975585938 12.3600006103516 12.3600006103516 13.4999847412109 13.4999847412109 18.4399871826172 18.4399871826172 11.8600006103516 11.8600006103516 17.0299987792969 17.0299987792969 6.07000732421875 6.07000732421875 1.04998779296875 1.04998779296875 12.8199768066406 12.8199768066406 0.6500244140625 0.6500244140625 22.4700012207031
26.8200073242188 29.8200073242188 29.8200073242188 26.3400115966797 26.3400115966797 21.0000152587891 21.0000152587891 22.2200012207031 22.2200012207031 30.1200103759766 30.1200103759766 36.3200073242188 36.3200073242188 19.7100067138672 19.7100067138672 34.2200012207031 34.2200012207031 0 0 0.529998779296875 0.529998779296875 7.5 7.5 5.04998779296875 5.04998779296875 7.42999267578125 7.42999267578125 2.75 2.75 10 10 9.34999084472656 9.34999084472656 18.2899932861328 18.2899932861328 15.0599822998047 15.0599822998047 16.0599975585938 16.0599975585938 0 0 13.1500244140625 13.1500244140625 7.64999389648438 7.64999389648438 26.7799987792969 26.7799987792969 0.40997314453125
26.8200073242188 29.8200073242188 29.8200073242188 26.3400115966797 26.3400115966797 21.0000152587891 21.0000152587891 22.2200012207031 22.2200012207031 30.1200103759766 30.1200103759766 36.3200073242188 36.3200073242188 19.7100067138672 19.7100067138672 34.2200012207031 34.2200012207031 0 0 0.529998779296875 0.529998779296875 7.5 7.5 5.04998779296875 5.04998779296875 7.42999267578125 7.42999267578125 2.75 2.75 10 10 9.34999084472656 9.34999084472656 18.2899932861328 18.2899932861328 15.0599822998047 15.0599822998047 16.0599975585938 16.0599975585938 0 0 13.1500244140625 13.1500244140625 7.64999389648438 7.64999389648438 26.7799987792969 26.7799987792969 0.40997314453125
37.3300018310547 33.0500030517578 33.0500030517578 40.9199981689453 40.9199981689453 29.9800109863281 29.9800109863281 36.8799896240234 36.8799896240234 34.4199981689453 34.4199981689453 37.8999938964844 37.8999938964844 27.5400085449219 27.5400085449219 0.659988403320312 0.659988403320312 0.5 0.5 7.77000427246094 7.77000427246094 6.37001037597656 6.37001037597656 9.55000305175781 9.55000305175781 2.80000305175781 2.80000305175781 4.87001037597656 4.87001037597656 13.0599975585938 13.0599975585938 14.8600006103516 14.8600006103516 17.6200103759766 17.6200103759766 17.77001953125 17.77001953125 20.3399963378906 20.3399963378906 10.4700012207031 10.4700012207031 18.3600158691406 18.3600158691406 17.5 17.5 14.25 14.25 22.9700012207031
37.3300018310547 33.0500030517578 33.0500030517578 40.9199981689453 40.9199981689453 29.9800109863281 29.9800109863281 36.8799896240234 36.8799896240234 34.4199981689453 34.4199981689453 37.8999938964844 37.8999938964844 27.5400085449219 27.5400085449219 0.659988403320312 0.659988403320312 0.5 0.5 7.77000427246094 7.77000427246094 6.37001037597656 6.37001037597656 9.55000305175781 9.55000305175781 2.80000305175781 2.80000305175781 4.87001037597656 4.87001037597656 13.0599975585938 13.0599975585938 14.8600006103516 14.8600006103516 17.6200103759766 17.6200103759766 17.77001953125 17.77001953125 20.3399963378906 20.3399963378906 10.4700012207031 10.4700012207031 18.3600158691406 18.3600158691406 17.5 17.5 14.25 14.25 22.9700012207031
30.8899841308594 35.0900115966797 35.0900115966797 33.4199829101562 33.4199829101562 26.7299957275391 26.7299957275391 30.5099945068359 30.5099945068359 23.7100067138672 23.7100067138672 26.75 26.75 2.31999206542969 2.31999206542969 0 0 7.34999084472656 7.34999084472656 6.75999450683594 6.75999450683594 4.87001037597656 4.87001037597656 7.10000610351562 7.10000610351562 8.41000366210938 8.41000366210938 0 0 11.3700103759766 11.3700103759766 10.8600158691406 10.8600158691406 13.2599792480469 13.2599792480469 13.0899963378906 13.0899963378906 15.2900085449219 15.2900085449219 15.6000061035156 15.6000061035156 23.77001953125 23.77001953125 16.47998046875 16.47998046875 7.19000244140625 7.19000244140625 13.3599853515625
30.8899841308594 35.0900115966797 35.0900115966797 33.4199829101562 33.4199829101562 26.7299957275391 26.7299957275391 30.5099945068359 30.5099945068359 23.7100067138672 23.7100067138672 26.75 26.75 2.31999206542969 2.31999206542969 0 0 7.34999084472656 7.34999084472656 6.75999450683594 6.75999450683594 4.87001037597656 4.87001037597656 7.10000610351562 7.10000610351562 8.41000366210938 8.41000366210938 0 0 11.3700103759766 11.3700103759766 10.8600158691406 10.8600158691406 13.2599792480469 13.2599792480469 13.0899963378906 13.0899963378906 15.2900085449219 15.2900085449219 15.6000061035156 15.6000061035156 23.77001953125 23.77001953125 16.47998046875 16.47998046875 7.19000244140625 7.19000244140625 13.3599853515625
27.5400085449219 0.990005493164062 0.990005493164062 30.7799987792969 30.7799987792969 28.1900024414062 28.1900024414062 6.03999328613281 6.03999328613281 5.28001403808594 5.28001403808594 8.59999084472656 8.59999084472656 0.0200042724609375 0.0200042724609375 3.08999633789062 3.08999633789062 4.96000671386719 4.96000671386719 2.36000061035156 2.36000061035156 8.46000671386719 8.46000671386719 5.68000793457031 5.68000793457031 4.30999755859375 4.30999755859375 7.30999755859375 7.30999755859375 8.05001831054688 8.05001831054688 14.5199890136719 14.5199890136719 13.7599792480469 13.7599792480469 12.4299926757812 12.4299926757812 20.6900024414062 20.6900024414062 3.70001220703125 3.70001220703125 30.239990234375 30.239990234375 15.6700134277344 15.6700134277344 5.04998779296875 5.04998779296875 7.25997924804688
27.5400085449219 0.990005493164062 0.990005493164062 30.7799987792969 30.7799987792969 28.1900024414062 28.1900024414062 6.03999328613281 6.03999328613281 5.28001403808594 5.28001403808594 8.59999084472656 8.59999084472656 0.0200042724609375 0.0200042724609375 3.08999633789062 3.08999633789062 4.96000671386719 4.96000671386719 2.36000061035156 2.36000061035156 8.46000671386719 8.46000671386719 5.68000793457031 5.68000793457031 4.30999755859375 4.30999755859375 7.30999755859375 7.30999755859375 8.05001831054688 8.05001831054688 14.5199890136719 14.5199890136719 13.7599792480469 13.7599792480469 12.4299926757812 12.4299926757812 20.6900024414062 20.6900024414062 3.70001220703125 3.70001220703125 30.239990234375 30.239990234375 15.6700134277344 15.6700134277344 5.04998779296875 5.04998779296875 7.25997924804688
36.1199798583984 1.69999694824219 1.69999694824219 37.1800079345703 37.1800079345703 38.1899871826172 38.1899871826172 8.27999877929688 8.27999877929688 20.5999908447266 20.5999908447266 0.0800018310546875 0.0800018310546875 9.20999145507812 9.20999145507812 4.44999694824219 4.44999694824219 4.59001159667969 4.59001159667969 6.75999450683594 6.75999450683594 2.49000549316406 2.49000549316406 6.8699951171875 6.8699951171875 8.95999145507812 8.95999145507812 6.25001525878906 6.25001525878906 11.9100036621094 11.9100036621094 2.43002319335938 2.43002319335938 33.1599731445312 33.1599731445312 21.2799987792969 21.2799987792969 3.0999755859375 3.0999755859375 8.8499755859375 8.8499755859375 4.66000366210938 4.66000366210938 1.07000732421875 1.07000732421875 17.239990234375 17.239990234375 9.74002075195312
36.1199798583984 1.69999694824219 1.69999694824219 37.1800079345703 37.1800079345703 38.1899871826172 38.1899871826172 8.27999877929688 8.27999877929688 20.5999908447266 20.5999908447266 0.0800018310546875 0.0800018310546875 9.20999145507812 9.20999145507812 4.44999694824219 4.44999694824219 4.59001159667969 4.59001159667969 6.75999450683594 6.75999450683594 2.49000549316406 2.49000549316406 6.8699951171875 6.8699951171875 8.95999145507812 8.95999145507812 6.25001525878906 6.25001525878906 11.9100036621094 11.9100036621094 2.43002319335938 2.43002319335938 33.1599731445312 33.1599731445312 21.2799987792969 21.2799987792969 3.0999755859375 3.0999755859375 8.8499755859375 8.8499755859375 4.66000366210938 4.66000366210938 1.07000732421875 1.07000732421875 17.239990234375 17.239990234375 9.74002075195312
30.3200073242188 34.0999908447266 34.0999908447266 31.0800018310547 31.0800018310547 27.5999908447266 27.5999908447266 36.1300048828125 36.1300048828125 13.7200012207031 13.7200012207031 3.31999206542969 3.31999206542969 5.94999694824219 5.94999694824219 3.01998901367188 3.01998901367188 10.3099975585938 10.3099975585938 10.4499969482422 10.4499969482422 8 8 7.27999877929688 7.27999877929688 7.39999389648438 7.39999389648438 9.3800048828125 9.3800048828125 7.17999267578125 7.17999267578125 5.52999877929688 5.52999877929688 0.920013427734375 0.920013427734375 10.1900024414062 10.1900024414062 21.1300048828125 21.1300048828125 12.9700012207031 12.9700012207031 7.510009765625 7.510009765625 5.52999877929688 5.52999877929688 5.67001342773438 5.67001342773438 17.2300109863281
30.3200073242188 34.0999908447266 34.0999908447266 31.0800018310547 31.0800018310547 27.5999908447266 27.5999908447266 36.1300048828125 36.1300048828125 13.7200012207031 13.7200012207031 3.31999206542969 3.31999206542969 5.94999694824219 5.94999694824219 3.01998901367188 3.01998901367188 10.3099975585938 10.3099975585938 10.4499969482422 10.4499969482422 8 8 7.27999877929688 7.27999877929688 7.39999389648438 7.39999389648438 9.3800048828125 9.3800048828125 7.17999267578125 7.17999267578125 5.52999877929688 5.52999877929688 0.920013427734375 0.920013427734375 10.1900024414062 10.1900024414062 21.1300048828125 21.1300048828125 12.9700012207031 12.9700012207031 7.510009765625 7.510009765625 5.52999877929688 5.52999877929688 5.67001342773438 5.67001342773438 17.2300109863281
33.7800140380859 26.5599975585938 26.5599975585938 30.0299987792969 30.0299987792969 33.5500030517578 33.5500030517578 10.4400024414062 10.4400024414062 0 0 7.59999084472656 7.59999084472656 6.44000244140625 6.44000244140625 11.5500030517578 11.5500030517578 11.0400085449219 11.0400085449219 13.5700073242188 13.5700073242188 11.2100067138672 11.2100067138672 3.1199951171875 3.1199951171875 5.40998840332031 5.40998840332031 8.69998168945312 8.69998168945312 17.9299926757812 17.9299926757812 8.04000854492188 8.04000854492188 6.50997924804688 6.50997924804688 13.8900146484375 13.8900146484375 8.54998779296875 8.54998779296875 2.5 2.5 7.80999755859375 7.80999755859375 8.20999145507812 8.20999145507812 15.1199951171875 15.1199951171875 12.02001953125
33.7800140380859 26.5599975585938 26.5599975585938 30.0299987792969 30.0299987792969 33.5500030517578 33.5500030517578 10.4400024414062 10.4400024414062 0 0 7.59999084472656 7.59999084472656 6.44000244140625 6.44000244140625 11.5500030517578 11.5500030517578 11.0400085449219 11.0400085449219 13.5700073242188 13.5700073242188 11.2100067138672 11.2100067138672 3.1199951171875 3.1199951171875 5.40998840332031 5.40998840332031 8.69998168945312 8.69998168945312 17.9299926757812 17.9299926757812 8.04000854492188 8.04000854492188 6.50997924804688 6.50997924804688 13.8900146484375 13.8900146484375 8.54998779296875 8.54998779296875 2.5 2.5 7.80999755859375 7.80999755859375 8.20999145507812 8.20999145507812 15.1199951171875 15.1199951171875 12.02001953125
