Calibration/input/C/tree-height.asc
NCOLS 100 
NROWS 100 
XLLCORNER 449715.00012207 
YLLCORNER 5639005.00012207 
CELLSIZE 5 
NODATA_value -3.4e+38 
[rows 60 to 79 of 100, columns 0 to 46 of 100]
18.5500183105469 18.5500183105469 19.3900146484375 19.3900146484375 22.3099975585938 22.3099975585938 44.9199829101562 44.9199829101562 2.34002685546875 2.34002685546875 20.3399963378906 20.3399963378906 18.3800048828125 18.3800048828125 13.1500244140625 13.1500244140625 5.42001342773438 5.42001342773438 4.60000610351562 4.60000610351562 0 0 2.85000610351562 2.85000610351562 27.3200073242188 27.3200073242188 0 0 16.3300170898438 16.3300170898438 11.0400085449219 11.0400085449219 23.6600036621094 23.6600036621094 24.3900146484375 24.3900146484375 28.1600036621094 28.1600036621094 9.5 9.5 23.9200134277344 23.9200134277344 24.7999877929688 24.7999877929688 20.989990234375 20.989990234375 25.5400085449219
18.5500183105469 18.5500183105469 19.3900146484375 19.3900146484375 22.3099975585938 22.3099975585938 44.9199829101562 44.9199829101562 2.34002685546875 2.34002685546875 20.3399963378906 20.3399963378906 18.3800048828125 18.3800048828125 13.1500244140625 13.1500244140625 5.42001342773438 5.42001342773438 4.60000610351562 4.60000610351562 0 0 2.85000610351562 2.85000610351562 27.3200073242188 27.3200073242188 0 0 16.3300170898438 16.3300170898438 11.0400085449219 11.0400085449219 23.6600036621094 23.6600036621094 24.3900146484375 24.3900146484375 28.1600036621094 28.1600036621094 9.5 9.5 23.9200134277344 23.9200134277344 24.7999877929688 24.7999877929688 20.989990234375 20.989990234375 25.5400085449219
7.27999877929688 7.27999877929688 8.62997436523438 8.62997436523438 12.2799987792969 12.2799987792969 11.1099853515625 11.1099853515625 18.0500183105469 18.0500183105469 19.2099914550781 19.2099914550781 7.82000732421875 7.82000732421875 16.8099975585938 16.8099975585938 1.72998046875 1.72998046875 15.9499816894531 15.9499816894531 2.3800048828125 2.3800048828125 19.239990234375 19.239990234375 14.010009765625 14.010009765625 12.6000061035156 12.6000061035156 3.92999267578125 3.92999267578125 21.6799926757812 21.6799926757812 22.739990234375 22.739990234375 26.489990234375 26.489990234375 22.8699951171875 22.8699951171875 23.3999938964844 23.3999938964844 24.3099975585938 24.3099975585938 22.0299987792969 22.0299987792969 17.0500183105469 17.0500183105469 23.7900085449219
7.27999877929688 7.27999877929688 8.62997436523438 8.62997436523438 12.2799987792969 12.2799987792969 11.1099853515625 11.1099853515625 18.0500183105469 18.0500183105469 19.2099914550781 19.2099914550781 7.82000732421875 7.82000732421875 16.8099975585938 16.8099975585938 1.72998046875 1.72998046875 15.9499816894531 15.9499816894531 2.3800048828125 2.3800048828125 19.239990234375 19.239990234375 14.010009765625 14.010009765625 12.6000061035156 12.6000061035156 3.92999267578125 3.92999267578125 21.6799926757812 21.6799926757812 22.739990234375 22.739990234375 26.489990234375 26.489990234375 22.8699951171875 22.8699951171875 23.3999938964844 23.3999938964844 24.3099975585938 24.3099975585938 22.0299987792969 22.0299987792969 17.0500183105469 17.0500183105469 23.7900085449219
7.68002319335938 7.68002319335938 7.44000244140625 7.44000244140625 6.1300048828125 6.1300048828125 8.02999877929688 8.02999877929688 3.45001220703125 3.45001220703125 5.33001708984375 5.33001708984375 2.19000244140625 2.19000244140625 1.69000244140625 1.69000244140625 3.239990234375 3.239990234375 2.89999389648438 2.89999389648438 8.02999877929688 8.02999877929688 2.16998291015625 2.16998291015625 25.3699951171875 25.3699951171875 21.1499938964844 21.1499938964844 15.3999938964844 15.3999938964844 25.6100158691406 25.6100158691406 8.80001831054688 8.80001831054688 21.5 21.5 24.6600036621094 24.6600036621094 20.0399780273438 20.0399780273438 14.6199951171875 14.6199951171875 12.8100280761719 12.8100280761719 13.5399780273438 13.5399780273438 15.0899963378906
7.68002319335938 7.68002319335938 7.44000244140625 7.44000244140625 6.1300048828125 6.1300048828125 8.02999877929688 8.02999877929688 3.45001220703125 3.45001220703125 5.33001708984375 5.33001708984375 2.19000244140625 2.19000244140625 1.69000244140625 1.69000244140625 3.239990234375 3.239990234375 2.89999389648438 2.89999389648438 8.02999877929688 8.02999877929688 2.16998291015625 2.16998291015625 25.3699951171875 25.3699951171875 21.1499938964844 21.1499938964844 15.3999938964844 15.3999938964844 25.6100158691406 25.6100158691406 8.80001831054688 8.80001831054688 21.5 21.5 24.6600036621094 24.6600036621094 20.0399780273438 20.0399780273438 14.6199951171875 14.6199951171875 12.8100280761719 12.8100280761719 13.5399780273438 13.5399780273438 15.0899963378906
6.63998413085938 6.63998413085938 2 2 5.58999633789062 5.58999633789062 0.47998046875 0.47998046875 9.17999267578125 9.17999267578125 5.03997802734375 5.03997802734375 12.8599853515625 12.8599853515625 7.489990234375 7.489990234375 12.3900146484375 12.3900146484375 7.04000854492188 7.04000854492188 13.3600158691406 13.3600158691406 11.3800048828125 11.3800048828125 16.0700073242188 16.0700073242188 17.1300048828125 17.1300048828125 9.8900146484375 9.8900146484375 11.9399719238281 11.9399719238281 18.3999938964844 18.3999938964844 19.1400146484375 19.1400146484375 16.6200256347656 16.6200256347656 12.7699890136719 12.7699890136719 21.3200073242188 21.3200073242188 15.9900207519531 15.9900207519531 22 22 0.149993896484375
6.63998413085938 6.63998413085938 2 2 5.58999633789062 5.58999633789062 0.47998046875 0.47998046875 9.17999267578125 9.17999267578125 5.03997802734375 5.03997802734375 12.8599853515625 12.8599853515625 7.489990234375 7.489990234375 12.3900146484375 12.3900146484375 7.04000854492188 7.04000854492188 13.3600158691406 13.3600158691406 11.3800048828125 11.3800048828125 16.0700073242188 16.0700073242188 17.1300048828125 17.1300048828125 9.8900146484375 9.8900146484375 11.9399719238281 11.9399719238281 18.3999938964844 18.3999938964844 19.1400146484375 19.1400146484375 16.6200256347656 16.6200256347656 12.7699890136719 12.7699890136719 21.3200073242188 21.3200073242188 15.9900207519531 15.9900207519531 22 22 0.149993896484375
3.70999145507812 3.70999145507812 9.32000732421875 9.32000732421875 4.75997924804688 4.75997924804688 0.69000244140625 0.69000244140625 15.3500061035156 15.3500061035156 4.04998779296875 4.04998779296875 22.0400085449219 22.0400085449219 5.48001098632812 5.48001098632812 0.8699951171875 0.8699951171875 1.94000244140625 1.94000244140625 19.3399963378906 19.3399963378906 18.5599975585938 18.5599975585938 22.1199951171875 22.1199951171875 17.0299987792969 17.0299987792969 20.8999938964844 20.8999938964844 14.1900024414062 14.1900024414062 14.0899963378906 14.0899963378906 15.7099914550781 15.7099914550781 10.2300109863281 10.2300109863281 14.4599914550781 14.4599914550781 14.8399963378906 14.8399963378906 21.1199951171875 21.1199951171875 7 7 17.3000183105469
3.70999145507812 3.70999145507812 9.32000732421875 9.32000732421875 4.75997924804688 4.75997924804688 0.69000244140625 0.69000244140625 15.3500061035156 15.3500061035156 4.04998779296875 4.04998779296875 22.0400085449219 22.0400085449219 5.48001098632812 5.48001098632812 0.8699951171875 0.8699951171875 1.94000244140625 1.94000244140625 19.3399963378906 19.3399963378906 18.5599975585938 18.5599975585938 22.1199951171875 22.1199951171875 17.0299987792969 17.0299987792969 20.8999938964844 20.8999938964844 14.1900024414062 14.1900024414062 14.0899963378906 14.0899963378906 15.7099914550781 15.7099914550781 10.2300109863281 10.2300109863281 14.4599914550781 14.4599914550781 14.8399963378906 14.8399963378906 21.1199951171875 21.1199951171875 7 7 17.3000183105469
6.55999755859375 6.55999755859375 7.82998657226562 7.82998657226562 7.07998657226562 7.07998657226562 4.57000732421875 4.57000732421875 19.6700134277344 19.6700134277344 4.58999633789062 4.58999633789062 15.7999877929688 15.7999877929688 1.29998779296875 1.29998779296875 0 0 19.6199951171875 19.6199951171875 9.97000122070312 9.97000122070312 17.22998046875 17.22998046875 1.38998413085938 1.38998413085938 9.19000244140625 9.19000244140625 11.9100036621094 11.9100036621094 15.3099975585938 15.3099975585938 21.0500183105469 21.0500183105469 14.6799926757812 14.6799926757812 8.26998901367188 8.26998901367188 14.5400085449219 14.5400085449219 22.2200012207031 22.2200012207031 13.489990234375 13.489990234375 24.0599975585938 24.0599975585938 16.9100036621094
6.55999755859375 6.55999755859375 7.82998657226562 7.82998657226562 7.07998657226562 7.07998657226562 4.57000732421875 4.57000732421875 19.6700134277344 19.6700134277344 4.58999633789062 4.58999633789062 15.7999877929688 15.7999877929688 1.29998779296875 1.29998779296875 0 0 19.6199951171875 19.6199951171875 9.97000122070312 9.97000122070312 17.22998046875 17.22998046875 1.38998413085938 1.38998413085938 9.19000244140625 9.19000244140625 11.9100036621094 11.9100036621094 15.3099975585938 15.3099975585938 21.0500183105469 21.0500183105469 14.6799926757812 14.6799926757812 8.26998901367188 8.26998901367188 14.5400085449219 14.5400085449219 22.2200012207031 22.2200012207031 13.489990234375 13.489990234375 24.0599975585938 24.0599975585938 16.9100036621094
8.27999877929688 8.27999877929688 2.07000732421875 2.07000732421875 2.85000610351562 2.85000610351562 11.1500244140625 11.1500244140625 23.1399841308594 23.1399841308594 8.739990234375 8.739990234375 7.02999877929688 7.02999877929688 2.6300048828125 2.6300048828125 15.0299987792969 15.0299987792969 6.52999877929688 6.52999877929688 19.489990234375 19.489990234375 19.8399963378906 19.8399963378906 26.8299865722656 26.8299865722656 9.00997924804688 9.00997924804688 10.1399841308594 10.1399841308594 19.7100219726562 19.7100219726562 12.3599853515625 12.3599853515625 11.8599853515625 11.8599853515625 2.31997680664062 2.31997680664062 16.4399719238281 16.4399719238281 18.7099914550781 18.7099914550781 15.4599914550781 15.4599914550781 19.5799865722656 19.5799865722656 33.5099792480469
8.27999877929688 8.27999877929688 2.07000732421875 2.07000732421875 2.85000610351562 2.85000610351562 11.1500244140625 11.1500244140625 23.1399841308594 23.1399841308594 8.739990234375 8.739990234375 7.02999877929688 7.02999877929688 2.6300048828125 2.6300048828125 15.0299987792969 15.0299987792969 6.52999877929688 6.52999877929688 19.489990234375 19.489990234375 19.8399963378906 19.8399963378906 26.8299865722656 26.8299865722656 9.00997924804688 9.00997924804688 10.1399841308594 10.1399841308594 19.7100219726562 19.7100219726562 12.3599853515625 12.3599853515625 11.8599853515625 11.8599853515625 2.31997680664062 2.31997680664062 16.4399719238281 16.4399719238281 18.7099914550781 18.7099914550781 15.4599914550781 15.4599914550781 19.5799865722656 19.5799865722656 33.5099792480469
10.6699829101562 10.6699829101562 6.69000244140625 6.69000244140625 5.70001220703125 5.70001220703125 21.1300048828125 21.1300048828125 9.83999633789062 9.83999633789062 15.8199768066406 15.8199768066406 22 22 9.6300048828125 9.6300048828125 24.239990234375 24.239990234375 11.5799865722656 11.5799865722656 19.6599731445312 19.6599731445312 18.6700134277344 18.6700134277344 13.3900146484375 13.3900146484375 25.1400146484375 25.1400146484375 17.6799926757812 17.6799926757812 22.5599975585938 22.5599975585938 9.97998046875 9.97998046875 19.5399780273438 19.5399780273438 17.97998046875 17.97998046875 21.3200073242188 21.3200073242188 23.6900024414062 23.6900024414062 26.7400207519531 26.7400207519531 22.7699890136719 22.7699890136719 12.010009765625
10.6699829101562 10.6699829101562 6.69000244140625 6.69000244140625 5.70001220703125 5.70001220703125 21.1300048828125 21.1300048828125 9.83999633789062 9.83999633789062 15.8199768066406 15.8199768066406 22 22 9.6300048828125 9.6300048828125 24.239990234375 24.239990234375 11.5799865722656 11.5799865722656 19.6599731445312 19.6599731445312 18.6700134277344 18.6700134277344 13.3900146484375 13.3900146484375 25.1400146484375 25.1400146484375 17.6799926757812 17.6799926757812 22.5599975585938 22.5599975585938 9.97998046875 9.97998046875 19.5399780273438 19.5399780273438 17.97998046875 17.97998046875 21.3200073242188 21.3200073242188 23.6900024414062 23.6900024414062 26.7400207519531 26.7400207519531 22.7699890136719 22.7699890136719 12.010009765625
16.0500183105469 16.0500183105469 11.7999877929688 11.7999877929688 13.4500122070312 13.4500122070312 15.47998046875 15.47998046875 28.6999816894531 28.6999816894531 23.1199951171875 23.1199951171875 16.9400024414062 16.9400024414062 26.2699890136719 26.2699890136719 18.8899841308594 18.8899841308594 2.02999877929688 2.02999877929688 10.3300170898438 10.3300170898438 22.8399963378906 22.8399963378906 18.3899841308594 18.3899841308594 19.2000122070312 19.2000122070312 18.1600036621094 18.1600036621094 17.260009765625 17.260009765625 24.4199829101562 24.4199829101562 21.1799926757812 21.1799926757812 22.6900024414062 22.6900024414062 18.6499938964844 18.6499938964844 22.4000244140625 22.4000244140625 9.94000244140625 9.94000244140625 17.0599975585938 17.0599975585938 28.02001953125
16.0500183105469 16.0500183105469 11.7999877929688 11.7999877929688 13.4500122070312 13.4500122070312 15.47998046875 15.47998046875 28.6999816894531 28.6999816894531 23.1199951171875 23.1199951171875 16.9400024414062 16.9400024414062 26.2699890136719 26.2699890136719 18.8899841308594 18.8899841308594 2.02999877929688 2.02999877929688 10.3300170898438 10.3300170898438 22.8399963378906 22.8399963378906 18.3899841308594 18.3899841308594 19.2000122070312 19.2000122070312 18.1600036621094 18.1600036621094 17.260009765625 17.260009765625 24.4199829101562 24.4199829101562 21.1799926757812 21.1799926757812 22.6900024414062 22.6900024414062 18.6499938964844 18.6499938964844 22.4000244140625 22.4000244140625 9.94000244140625 9.94000244140625 17.0599975585938 17.0599975585938 28.02001953125
6.010009765625 6.010009765625 5.010009765625 5.010009765625 8.3599853515625 8.3599853515625 27.1199951171875 27.1199951171875 1.70001220703125 1.70001220703125 22.9400024414062 22.9400024414062 22.6800231933594 22.6800231933594 21.1900024414062 21.1900024414062 28.8800048828125 28.8800048828125 3.64999389648438 3.64999389648438 10.0899963378906 10.0899963378906 21.02001953125 21.02001953125 20.1799926757812 20.1799926757812 19.5199890136719 19.5199890136719 11.5 11.5 19.4000244140625 19.4000244140625 13.0299987792969 13.0299987792969 17.4599914550781 17.4599914550781 20.4499816894531 20.4499816894531 22.3699951171875 22.3699951171875 24.4500122070312 24.4500122070312 20.2900085449219 20.2900085449219 16.0800170898438 16.0800170898438 23.3200073242188
6.010009765625 6.010009765625 5.010009765625 5.010009765625 8.3599853515625 8.3599853515625 27.1199951171875 27.1199951171875 1.70001220703125 1.70001220703125 22.9400024414062 22.9400024414062 22.6800231933594 22.6800231933594 21.1900024414062 21.1900024414062 28.8800048828125 28.8800048828125 3.64999389648438 3.64999389648438 10.0899963378906 10.0899963378906 21.02001953125 21.02001953125 20.1799926757812 20.1799926757812 19.5199890136719 19.5199890136719 11.5 11.5 19.4000244140625 19.4000244140625 13.0299987792969 13.0299987792969 17.4599914550781 17.4599914550781 20.4499816894531 20.4499816894531 22.3699951171875 22.3699951171875 24.4500122070312 24.4500122070312 20.2900085449219 20.2900085449219 16.0800170898438 16.0800170898438 23.3200073242188
