Calibration/input/C/tree-height.asc
NCOLS 100 
NROWS 100 
XLLCORNER 449715.00012207 
YLLCORNER 5639005.00012207 
CELLSIZE 5 
NODATA_value -3.4e+38 
[rows 40 to 59 of 100, columns 0 to 46 of 100]
13.3899841308594 13.3899841308594 2.51998901367188 2.51998901367188 4.91998291015625 4.91998291015625 8.19000244140625 8.19000244140625 4.60000610351562 4.60000610351562 1.67001342773438 1.67001342773438 21.7099914550781 21.7099914550781 1.07998657226562 1.07998657226562 2.38998413085938 2.38998413085938 7.57998657226562 7.57998657226562 7.8800048828125 7.8800048828125 6.86001586914062 6.86001586914062 22.2699890136719 22.2699890136719 33.5799865722656 33.5799865722656 1.8900146484375 1.8900146484375 20.1199951171875 20.1199951171875 17.6499938964844 17.6499938964844 33.7900085449219 33.7900085449219 30.5899963378906 30.5899963378906 32.5800170898438 32.5800170898438 25.7900085449219 25.7900085449219 2.6199951171875 2.6199951171875 20.9299926757812 20.9299926757812 31
13.3899841308594 13.3899841308594 2.51998901367188 2.51998901367188 4.91998291015625 4.91998291015625 8.19000244140625 8.19000244140625 4.60000610351562 4.60000610351562 1.67001342773438 1.67001342773438 21.7099914550781 21.7099914550781 1.07998657226562 1.07998657226562 2.38998413085938 2.38998413085938 7.57998657226562 7.57998657226562 7.8800048828125 7.8800048828125 6.86001586914062 6.86001586914062 22.2699890136719 22.2699890136719 33.5799865722656 33.5799865722656 1.8900146484375 1.8900146484375 20.1199951171875 20.1199951171875 17.6499938964844 17.6499938964844 33.7900085449219 33.7900085449219 30.5899963378906 30.5899963378906 32.5800170898438 32.5800170898438 25.7900085449219 25.7900085449219 2.6199951171875 2.6199951171875 20.9299926757812 20.9299926757812 31
8.70999145507812 8.70999145507812 21.1900024414062 21.1900024414062 1.3800048828125 1.3800048828125 9.44998168945312 9.44998168945312 25.1299743652344 25.1299743652344 7.85000610351562 7.85000610351562 14.8600158691406 14.8600158691406 14.6100158691406 14.6100158691406 4.44000244140625 4.44000244140625 19.6300048828125 19.6300048828125 6.1300048828125 6.1300048828125 29.4599914550781 29.4599914550781 25.239990234375 25.239990234375 3.22998046875 3.22998046875 2.44998168945312 2.44998168945312 32.3699951171875 32.3699951171875 3.00997924804688 3.00997924804688 25.9400024414062 25.9400024414062 30.7400207519531 30.7400207519531 34.1900024414062 34.1900024414062 32.2599792480469 32.2599792480469 17.1600036621094 17.1600036621094 27.6099853515625 27.6099853515625 19.7599792480469
8.70999145507812 8.70999145507812 21.1900024414062 21.1900024414062 1.3800048828125 1.3800048828125 9.44998168945312 9.44998168945312 25.1299743652344 25.1299743652344 7.85000610351562 7.85000610351562 14.8600158691406 14.8600158691406 14.6100158691406 14.6100158691406 4.44000244140625 4.44000244140625 19.6300048828125 19.6300048828125 6.1300048828125 6.1300048828125 29.4599914550781 29.4599914550781 25.239990234375 25.239990234375 3.22998046875 3.22998046875 2.44998168945312 2.44998168945312 32.3699951171875 32.3699951171875 3.00997924804688 3.00997924804688 25.9400024414062 25.9400024414062 30.7400207519531 30.7400207519531 34.1900024414062 34.1900024414062 32.2599792480469 32.2599792480469 17.1600036621094 17.1600036621094 27.6099853515625 27.6099853515625 19.7599792480469
0.980010986328125 0.980010986328125 13.3699951171875 13.3699951171875 9.45001220703125 9.45001220703125 18.8000183105469 18.8000183105469 13.3099975585938 13.3099975585938 13.4700012207031 13.4700012207031 6.75 6.75 20.3600158691406 20.3600158691406 23.4900207519531 23.4900207519531 28.2999877929688 28.2999877929688 26.7099914550781 26.7099914550781 27.1500244140625 27.1500244140625 34.2300109863281 34.2300109863281 19.7899780273438 19.7899780273438 34.0199890136719 34.0199890136719 29.5899963378906 29.5899963378906 29.0899963378906 29.0899963378906 27.5 27.5 25.3199768066406 25.3199768066406 27.3700256347656 27.3700256347656 25.4200134277344 25.4200134277344 24.2300109863281 24.2300109863281 22.8399963378906 22.8399963378906 27.1499938964844
0.980010986328125 0.980010986328125 13.3699951171875 13.3699951171875 9.45001220703125 9.45001220703125 18.8000183105469 18.8000183105469 13.3099975585938 13.3099975585938 13.4700012207031 13.4700012207031 6.75 6.75 20.3600158691406 20.3600158691406 23.4900207519531 23.4900207519531 28.2999877929688 28.2999877929688 26.7099914550781 26.7099914550781 27.1500244140625 27.1500244140625 34.2300109863281 34.2300109863281 19.7899780273438 19.7899780273438 34.0199890136719 34.0199890136719 29.5899963378906 29.5899963378906 29.0899963378906 29.0899963378906 27.5 27.5 25.3199768066406 25.3199768066406 27.3700256347656 27.3700256347656 25.4200134277344 25.4200134277344 24.2300109863281 24.2300109863281 22.8399963378906 22.8399963378906 27.1499938964844
7.83999633789062 7.83999633789062 21.0799865722656 21.0799865722656 0.980010986328125 0.980010986328125 4.20999145507812 4.20999145507812 13.8099975585938 13.8099975585938 27.7799987792969 27.7799987792969 25.8800048828125 25.8800048828125 29.7999877929688 29.7999877929688 33.2899780273438 33.2899780273438 29.6499938964844 29.6499938964844 31.6600036621094 31.6600036621094 35.1900024414062 35.1900024414062 30.4499816894531 30.4499816894531 27.7999877929688 27.7999877929688 29.1100158691406 29.1100158691406 28.510009765625 28.510009765625 29.4500122070312 29.4500122070312 28.75 28.75 26.0899963378906 26.0899963378906 27.6400146484375 27.6400146484375 25.8500061035156 25.8500061035156 21.9299926757812 21.9299926757812 21.7000122070312 21.7000122070312 13.1100158691406
7.83999633789062 7.83999633789062 21.0799865722656 21.0799865722656 0.980010986328125 0.980010986328125 4.20999145507812 4.20999145507812 13.8099975585938 13.8099975585938 27.7799987792969 27.7799987792969 25.8800048828125 25.8800048828125 29.7999877929688 29.7999877929688 33.2899780273438 33.2899780273438 29.6499938964844 29.6499938964844 31.6600036621094 31.6600036621094 35.1900024414062 35.1900024414062 30.4499816894531 30.4499816894531 27.7999877929688 27.7999877929688 29.1100158691406 29.1100158691406 28.510009765625 28.510009765625 29.4500122070312 29.4500122070312 28.75 28.75 26.0899963378906 26.0899963378906 27.6400146484375 27.6400146484375 25.8500061035156 25.8500061035156 21.9299926757812 21.9299926757812 21.7000122070312 21.7000122070312 13.1100158691406
19.1199951171875 19.1199951171875 14.4599914550781 14.4599914550781 8.94000244140625 8.94000244140625 0 0 7.239990234375 7.239990234375 26.5999755859375 26.5999755859375 10 10 9.760009765625 9.760009765625 27.4600219726562 27.4600219726562 29.6400146484375 29.6400146484375 25.8199768066406 25.8199768066406 0 0 19.1499938964844 19.1499938964844 28.7099914550781 28.7099914550781 30.8599853515625 30.8599853515625 22.6099853515625 22.6099853515625 27.2699890136719 27.2699890136719 23.1700134277344 23.1700134277344 24.0700073242188 24.0700073242188 26.3900146484375 26.3900146484375 23.4200134277344 23.4200134277344 24.9399719238281 24.9399719238281 24.2900085449219 24.2900085449219 27.2900085449219
19.1199951171875 19.1199951171875 14.4599914550781 14.4599914550781 8.94000244140625 8.94000244140625 0 0 7.239990234375 7.239990234375 26.5999755859375 26.5999755859375 10 10 9.760009765625 9.760009765625 27.4600219726562 27.4600219726562 29.6400146484375 29.6400146484375 25.8199768066406 25.8199768066406 0 0 19.1499938964844 19.1499938964844 28.7099914550781 28.7099914550781 30.8599853515625 30.8599853515625 22.6099853515625 22.6099853515625 27.2699890136719 27.2699890136719 23.1700134277344 23.1700134277344 24.0700073242188 24.0700073242188 26.3900146484375 26.3900146484375 23.4200134277344 23.4200134277344 24.9399719238281 24.9399719238281 24.2900085449219 24.2900085449219 27.2900085449219
32.7100219726562 32.7100219726562 26.5999755859375 26.5999755859375 24.5500183105469 24.5500183105469 17.3099975585938 17.3099975585938 2 2 24.9400024414062 24.9400024414062 15.5499877929688 15.5499877929688 20.1200256347656 20.1200256347656 27.7000122070312 27.7000122070312 11.760009765625 11.760009765625 22.989990234375 22.989990234375 25.6199951171875 25.6199951171875 29.9500122070312 29.9500122070312 25.4600219726562 25.4600219726562 23.3399963378906 23.3399963378906 19.8600158691406 19.8600158691406 20.77001953125 20.77001953125 27.1099853515625 27.1099853515625 25.1599731445312 25.1599731445312 23.5899963378906 23.5899963378906 24.5299987792969 24.5299987792969 20.3999938964844 20.3999938964844 18.5 18.5 24.6700134277344
32.7100219726562 32.7100219726562 26.5999755859375 26.5999755859375 24.5500183105469 24.5500183105469 17.3099975585938 17.3099975585938 2 2 24.9400024414062 24.9400024414062 15.5499877929688 15.5499877929688 20.1200256347656 20.1200256347656 27.7000122070312 27.7000122070312 11.760009765625 11.760009765625 22.989990234375 22.989990234375 25.6199951171875 25.6199951171875 29.9500122070312 29.9500122070312 25.4600219726562 25.4600219726562 23.3399963378906 23.3399963378906 19.8600158691406 19.8600158691406 20.77001953125 20.77001953125 27.1099853515625 27.1099853515625 25.1599731445312 25.1599731445312 23.5899963378906 23.5899963378906 24.5299987792969 24.5299987792969 20.3999938964844 20.3999938964844 18.5 18.5 24.6700134277344
31.1200256347656 31.1200256347656 24.739990234375 24.739990234375 11.27001953125 11.27001953125 12.4200134277344 12.4200134277344 13.2000122070312 13.2000122070312 2.82000732421875 2.82000732421875 21.7300109863281 21.7300109863281 15.8200073242188 15.8200073242188 23.6999816894531 23.6999816894531 30.3899841308594 30.3899841308594 18.6100158691406 18.6100158691406 24.3500061035156 24.3500061035156 29.1799926757812 29.1799926757812 24.3399963378906 24.3399963378906 15.6199951171875 15.6199951171875 27.1399841308594 27.1399841308594 22.5699768066406 22.5699768066406 21.6900024414062 21.6900024414062 21.9299926757812 21.9299926757812 22.0799865722656 22.0799865722656 23.3900146484375 23.3900146484375 19.4100036621094 19.4100036621094 19.6299743652344 19.6299743652344 14.5800170898438
31.1200256347656 31.1200256347656 24.739990234375 24.739990234375 11.27001953125 11.27001953125 12.4200134277344 12.4200134277344 13.2000122070312 13.2000122070312 2.82000732421875 2.82000732421875 21.7300109863281 21.7300109863281 15.8200073242188 15.8200073242188 23.6999816894531 23.6999816894531 30.3899841308594 30.3899841308594 18.6100158691406 18.6100158691406 24.3500061035156 24.3500061035156 29.1799926757812 29.1799926757812 24.3399963378906 24.3399963378906 15.6199951171875 15.6199951171875 27.1399841308594 27.1399841308594 22.5699768066406 22.5699768066406 21.6900024414062 21.6900024414062 21.9299926757812 21.9299926757812 22.0799865722656 22.0799865722656 23.3900146484375 23.3900146484375 19.4100036621094 19.4100036621094 19.6299743652344 19.6299743652344 14.5800170898438
14.5800170898438 14.5800170898438 15.9800109863281 15.9800109863281 25.5199890136719 25.5199890136719 31.3099975585938 31.3099975585938 19.3099975585938 19.3099975585938 8.55999755859375 8.55999755859375 21.1799926757812 21.1799926757812 28.0499877929688 28.0499877929688 23 23 23.1100158691406 23.1100158691406 23.9700012207031 23.9700012207031 22.5899963378906 22.5899963378906 27.02001953125 27.02001953125 24.0299987792969 24.0299987792969 23.7000122070312 23.7000122070312 14.0400085449219 14.0400085449219 16.1399841308594 16.1399841308594 4.07998657226562 4.07998657226562 18.7999877929688 18.7999877929688 22.5299987792969 22.5299987792969 17.1399841308594 17.1399841308594 15.5799865722656 15.5799865722656 2.32998657226562 2.32998657226562 22.1700134277344
14.5800170898438 14.5800170898438 15.9800109863281 15.9800109863281 25.5199890136719 25.5199890136719 31.3099975585938 31.3099975585938 19.3099975585938 19.3099975585938 8.55999755859375 8.55999755859375 21.1799926757812 21.1799926757812 28.0499877929688 28.0499877929688 23 23 23.1100158691406 23.1100158691406 23.9700012207031 23.9700012207031 22.5899963378906 22.5899963378906 27.02001953125 27.02001953125 24.0299987792969 24.0299987792969 23.7000122070312 23.7000122070312 14.0400085449219 14.0400085449219 16.1399841308594 16.1399841308594 4.07998657226562 4.07998657226562 18.7999877929688 18.7999877929688 22.5299987792969 22.5299987792969 17.1399841308594 17.1399841308594 15.5799865722656 15.5799865722656 2.32998657226562 2.32998657226562 22.1700134277344
11.2300109863281 11.2300109863281 14.1600036621094 14.1600036621094 25.6699829101562 25.6699829101562 18.2900085449219 18.2900085449219 13.8699951171875 13.8699951171875 10.5099792480469 10.5099792480469 25.5 25.5 23.5799865722656 23.5799865722656 21.6400146484375 21.6400146484375 2.5 2.5 0 0 27.4100036621094 27.4100036621094 13.6100158691406 13.6100158691406 1.92999267578125 1.92999267578125 13.969970703125 13.969970703125 10.6700134277344 10.6700134277344 7.17001342773438 7.17001342773438 13.6799926757812 13.6799926757812 15.5299987792969 15.5299987792969 7.52999877929688 7.52999877929688 22.0999755859375 22.0999755859375 1.67001342773438 1.67001342773438 22.0899963378906 22.0899963378906 21.3200073242188
11.2300109863281 11.2300109863281 14.1600036621094 14.1600036621094 25.6699829101562 25.6699829101562 18.2900085449219 18.2900085449219 13.8699951171875 13.8699951171875 10.5099792480469 10.5099792480469 25.5 25.5 23.5799865722656 23.5799865722656 21.6400146484375 21.6400146484375 2.5 2.5 0 0 27.4100036621094 27.4100036621094 13.6100158691406 13.6100158691406 1.92999267578125 1.92999267578125 13.969970703125 13.969970703125 10.6700134277344 10.6700134277344 7.17001342773438 7.17001342773438 13.6799926757812 13.6799926757812 15.5299987792969 15.5299987792969 7.52999877929688 7.52999877929688 22.0999755859375 22.0999755859375 1.67001342773438 1.67001342773438 22.0899963378906 22.0899963378906 21.3200073242188
20.1399841308594 20.1399841308594 19.760009765625 19.760009765625 10.1300048828125 10.1300048828125 16.72998046875 16.72998046875 3.75 3.75 2.57000732421875 2.57000732421875 6.21002197265625 6.21002197265625 0.230010986328125 0.230010986328125 11.6999816894531 11.6999816894531 6.3800048828125 6.3800048828125 16.3299865722656 16.3299865722656 11.7200012207031 11.7200012207031 11.8699951171875 11.8699951171875 17.5699768066406 17.5699768066406 14.5800170898438 14.5800170898438 4.489990234375 4.489990234375 14.989990234375 14.989990234375 21.0599975585938 21.0599975585938 26.0199890136719 26.0199890136719 18.0899963378906 18.0899963378906 24.3300170898438 24.3300170898438 22.5800170898438 22.5800170898438 11.7200012207031 11.7200012207031 19.9700012207031
20.1399841308594 20.1399841308594 19.760009765625 19.760009765625 10.1300048828125 10.1300048828125 16.72998046875 16.72998046875 3.75 3.75 2.57000732421875 2.57000732421875 6.21002197265625 6.21002197265625 0.230010986328125 0.230010986328125 11.6999816894531 11.6999816894531 6.3800048828125 6.3800048828125 16.3299865722656 16.3299865722656 11.7200012207031 11.7200012207031 11.8699951171875 11.8699951171875 17.5699768066406 17.5699768066406 14.5800170898438 14.5800170898438 4.489990234375 4.489990234375 14.989990234375 14.989990234375 21.0599975585938 21.0599975585938 26.0199890136719 26.0199890136719 18.0899963378906 18.0899963378906 24.3300170898438 24.3300170898438 22.5800170898438 22.5800170898438 11.7200012207031 11.7200012207031 19.9700012207031
