Calibration/input/C/tree-height.asc
NCOLS 100 
NROWS 100 
XLLCORNER 449715.00012207 
YLLCORNER 5639005.00012207 
CELLSIZE 5 
NODATA_value -3.4e+38 
[rows 60 to 79 of 100, columns 47 to 93 of 100]
25.5400085449219 23.0899963378906 23.0899963378906 21.7200012207031 21.7200012207031 1.83999633789062 1.83999633789062 19.2999877929688 19.2999877929688 20.8600158691406 20.8600158691406 17.3300170898438 17.3300170898438 15.5 15.5 21.0899963378906 21.0899963378906 19.7599792480469 19.7599792480469 17.0700073242188 17.0700073242188 20.1999816894531 20.1999816894531 18.0699768066406 18.0699768066406 20.3500061035156 20.3500061035156 18.2699890136719 18.2699890136719 19.5699768066406 19.5699768066406 7.39999389648438 7.39999389648438 21.2000122070312 21.2000122070312 17.6999816894531 17.6999816894531 7.44000244140625 7.44000244140625 16.5700073242188 16.5700073242188 20.3799743652344 20.3799743652344 21.7799987792969 21.7799987792969 12.6699829101562 12.6699829101562
25.5400085449219 23.0899963378906 23.0899963378906 21.7200012207031 21.7200012207031 1.83999633789062 1.83999633789062 19.2999877929688 19.2999877929688 20.8600158691406 20.8600158691406 17.3300170898438 17.3300170898438 15.5 15.5 21.0899963378906 21.0899963378906 19.7599792480469 19.7599792480469 17.0700073242188 17.0700073242188 20.1999816894531 20.1999816894531 18.0699768066406 18.0699768066406 20.3500061035156 20.3500061035156 18.2699890136719 18.2699890136719 19.5699768066406 19.5699768066406 7.39999389648438 7.39999389648438 21.2000122070312 21.2000122070312 17.6999816894531 17.6999816894531 7.44000244140625 7.44000244140625 16.5700073242188 16.5700073242188 20.3799743652344 20.3799743652344 21.7799987792969 21.7799987792969 12.6699829101562 12.6699829101562
23.7900085449219 10.0400085449219 10.0400085449219 19.2099914550781 19.2099914550781 12.9700012207031 12.9700012207031 22.1500244140625 22.1500244140625 12.9500122070312 12.9500122070312 19.739990234375 19.739990234375 18.0700073242188 18.0700073242188 18.4299926757812 18.4299926757812 16.3700256347656 16.3700256347656 17.989990234375 17.989990234375 12.6800231933594 12.6800231933594 18.239990234375 18.239990234375 19.27001953125 19.27001953125 21.6500244140625 21.6500244140625 3.41998291015625 3.41998291015625 17.3599853515625 17.3599853515625 27.1199951171875 27.1199951171875 20.4500122070312 20.4500122070312 24.2200012207031 24.2200012207031 15.8599853515625 15.8599853515625 25.0799865722656 25.0799865722656 20.8099975585938 20.8099975585938 17.7900085449219 17.7900085449219
23.7900085449219 10.0400085449219 10.0400085449219 19.2099914550781 19.2099914550781 12.9700012207031 12.9700012207031 22.1500244140625 22.1500244140625 12.9500122070312 12.9500122070312 19.739990234375 19.739990234375 18.0700073242188 18.0700073242188 18.4299926757812 18.4299926757812 16.3700256347656 16.3700256347656 17.989990234375 17.989990234375 12.6800231933594 12.6800231933594 18.239990234375 18.239990234375 19.27001953125 19.27001953125 21.6500244140625 21.6500244140625 3.41998291015625 3.41998291015625 17.3599853515625 17.3599853515625 27.1199951171875 27.1199951171875 20.4500122070312 20.4500122070312 24.2200012207031 24.2200012207031 15.8599853515625 15.8599853515625 25.0799865722656 25.0799865722656 20.8099975585938 20.8099975585938 17.7900085449219 17.7900085449219
15.0899963378906 19.6599731445312 19.6599731445312 22.9700012207031 22.9700012207031 15.6600036621094 15.6600036621094 24.0199890136719 24.0199890136719 12.0799865722656 12.0799865722656 8.45999145507812 8.45999145507812 23.6199951171875 23.6199951171875 0 0 13.5499877929688 13.5499877929688 17.1300048828125 17.1300048828125 22.4199829101562 22.4199829101562 23.010009765625 23.010009765625 21.5199890136719 21.5199890136719 14.9100036621094 14.9100036621094 19.0700073242188 19.0700073242188 12.5699768066406 12.5699768066406 21.9300231933594 21.9300231933594 23.3099975585938 23.3099975585938 26.2000122070312 26.2000122070312 24.8399963378906 24.8399963378906 0.1199951171875 0.1199951171875 20.2000122070312 20.2000122070312 14.3799743652344 14.3799743652344
15.0899963378906 19.6599731445312 19.6599731445312 22.9700012207031 22.9700012207031 15.6600036621094 15.6600036621094 24.0199890136719 24.0199890136719 12.0799865722656 12.0799865722656 8.45999145507812 8.45999145507812 23.6199951171875 23.6199951171875 0 0 13.5499877929688 13.5499877929688 17.1300048828125 17.1300048828125 22.4199829101562 22.4199829101562 23.010009765625 23.010009765625 21.5199890136719 21.5199890136719 14.9100036621094 14.9100036621094 19.0700073242188 19.0700073242188 12.5699768066406 12.5699768066406 21.9300231933594 21.9300231933594 23.3099975585938 23.3099975585938 26.2000122070312 26.2000122070312 24.8399963378906 24.8399963378906 0.1199951171875 0.1199951171875 20.2000122070312 20.2000122070312 14.3799743652344 14.3799743652344
0.149993896484375 8.06002807617188 8.06002807617188 6.16000366210938 6.16000366210938 6.93002319335938 6.93002319335938 14.8099975585938 14.8099975585938 6.10000610351562 6.10000610351562 25.0499877929688 25.0499877929688 16.3200073242188 16.3200073242188 18.9500122070312 18.9500122070312 17.8599853515625 17.8599853515625 20.9199829101562 20.9199829101562 20.8100280761719 20.8100280761719 23.3599853515625 23.3599853515625 19.9299926757812 19.9299926757812 19.4100036621094 19.4100036621094 22.75 22.75 21.4500122070312 21.4500122070312 12.1499938964844 12.1499938964844 13.6499938964844 13.6499938964844 8.99002075195312 8.99002075195312 14.0399780273438 14.0399780273438 16.9700012207031 16.9700012207031 19.0599975585938 19.0599975585938 21.8399963378906 21.8399963378906
0.149993896484375 8.06002807617188 8.06002807617188 6.16000366210938 6.16000366210938 6.93002319335938 6.93002319335938 14.8099975585938 14.8099975585938 6.10000610351562 6.10000610351562 25.0499877929688 25.0499877929688 16.3200073242188 16.3200073242188 18.9500122070312 18.9500122070312 17.8599853515625 17.8599853515625 20.9199829101562 20.9199829101562 20.8100280761719 20.8100280761719 23.3599853515625 23.3599853515625 19.9299926757812 19.9299926757812 19.4100036621094 19.4100036621094 22.75 22.75 21.4500122070312 21.4500122070312 12.1499938964844 12.1499938964844 13.6499938964844 13.6499938964844 8.99002075195312 8.99002075195312 14.0399780273438 14.0399780273438 16.9700012207031 16.9700012207031 19.0599975585938 19.0599975585938 21.8399963378906 21.8399963378906
17.3000183105469 12.2999877929688 12.2999877929688 18.280029296875 18.280029296875 18 18 15.3200073242188 15.3200073242188 23.1700134277344 23.1700134277344 19.5799865722656 19.5799865722656 18.0899963378906 18.0899963378906 19.1199951171875 19.1199951171875 12.4199829101562 12.4199829101562 24.1799926757812 24.1799926757812 21.1100158691406 21.1100158691406 24.0499877929688 24.0499877929688 23.0700073242188 23.0700073242188 17.9199829101562 17.9199829101562 19.989990234375 19.989990234375 22.9399719238281 22.9399719238281 20.5899963378906 20.5899963378906 18.0499877929688 18.0499877929688 23.5599975585938 23.5599975585938 15.5400085449219 15.5400085449219 3.85000610351562 3.85000610351562 19.260009765625 19.260009765625 17.7200012207031 17.7200012207031
17.3000183105469 12.2999877929688 12.2999877929688 18.280029296875 18.280029296875 18 18 15.3200073242188 15.3200073242188 23.1700134277344 23.1700134277344 19.5799865722656 19.5799865722656 18.0899963378906 18.0899963378906 19.1199951171875 19.1199951171875 12.4199829101562 12.4199829101562 24.1799926757812 24.1799926757812 21.1100158691406 21.1100158691406 24.0499877929688 24.0499877929688 23.0700073242188 23.0700073242188 17.9199829101562 17.9199829101562 19.989990234375 19.989990234375 22.9399719238281 22.9399719238281 20.5899963378906 20.5899963378906 18.0499877929688 18.0499877929688 23.5599975585938 23.5599975585938 15.5400085449219 15.5400085449219 3.85000610351562 3.85000610351562 19.260009765625 19.260009765625 17.7200012207031 17.7200012207031
16.9100036621094 29.25 29.25 23.75 23.75 22.6099853515625 22.6099853515625 14.4400024414062 14.4400024414062 25.7099914550781 25.7099914550781 20.3999938964844 20.3999938964844 13.7699890136719 13.7699890136719 20.4200134277344 20.4200134277344 19.0199890136719 19.0199890136719 23.1600036621094 23.1600036621094 9.46002197265625 9.46002197265625 22.0700073242188 22.0700073242188 20.2300109863281 20.2300109863281 20.8200073242188 20.8200073242188 20.3499755859375 20.3499755859375 17.010009765625 17.010009765625 20.0199890136719 20.0199890136719 15.0399780273438 15.0399780273438 17.8899841308594 17.8899841308594 15.989990234375 15.989990234375 22.5299987792969 22.5299987792969 13.8599853515625 13.8599853515625 20.0599975585938 20.0599975585938
16.9100036621094 29.25 29.25 23.75 23.75 22.6099853515625 22.6099853515625 14.4400024414062 14.4400024414062 25.7099914550781 25.7099914550781 20.3999938964844 20.3999938964844 13.7699890136719 13.7699890136719 20.4200134277344 20.4200134277344 19.0199890136719 19.0199890136719 23.1600036621094 23.1600036621094 9.46002197265625 9.46002197265625 22.0700073242188 22.0700073242188 20.2300109863281 20.2300109863281 20.8200073242188 20.8200073242188 20.3499755859375 20.3499755859375 17.010009765625 17.010009765625 20.0199890136719 20.0199890136719 15.0399780273438 15.0399780273438 17.8899841308594 17.8899841308594 15.989990234375 15.989990234375 22.5299987792969 22.5299987792969 13.8599853515625 13.8599853515625 20.0599975585938 20.0599975585938
33.5099792480469 5.19000244140625 5.19000244140625 24.3800048828125 24.3800048828125 23.0800170898438 23.0800170898438 22.5299987792969 22.5299987792969 13.6199951171875 13.6199951171875 6.45001220703125 6.45001220703125 28.1900024414062 28.1900024414062 17.1500244140625 17.1500244140625 20.5599975585938 20.5599975585938 4.44998168945312 4.44998168945312 14.9400024414062 14.9400024414062 14.4299926757812 14.4299926757812 22.989990234375 22.989990234375 22.260009765625 22.260009765625 21.8699951171875 21.8699951171875 17.9499816894531 17.9499816894531 15 15 20.7200012207031 20.7200012207031 13.22998046875 13.22998046875 22.5599975585938 22.5599975585938 20.5600280761719 20.5600280761719 31.1999816894531 31.1999816894531 23.8999938964844 23.8999938964844
33.5099792480469 5.19000244140625 5.19000244140625 24.3800048828125 24.3800048828125 23.0800170898438 23.0800170898438 22.5299987792969 22.5299987792969 13.6199951171875 13.6199951171875 6.45001220703125 6.45001220703125 28.1900024414062 28.1900024414062 17.1500244140625 17.1500244140625 20.5599975585938 20.5599975585938 4.44998168945312 4.44998168945312 14.9400024414062 14.9400024414062 14.4299926757812 14.4299926757812 22.989990234375 22.989990234375 22.260009765625 22.260009765625 21.8699951171875 21.8699951171875 17.9499816894531 17.9499816894531 15 15 20.7200012207031 20.7200012207031 13.22998046875 13.22998046875 22.5599975585938 22.5599975585938 20.5600280761719 20.5600280761719 31.1999816894531 31.1999816894531 23.8999938964844 23.8999938964844
12.010009765625 4.66000366210938 4.66000366210938 15.77001953125 15.77001953125 9.48001098632812 9.48001098632812 13.22998046875 13.22998046875 23.2899780273438 23.2899780273438 14.9400024414062 14.9400024414062 24.7300109863281 24.7300109863281 18.6699829101562 18.6699829101562 21.2099914550781 21.2099914550781 16.5500183105469 16.5500183105469 3.08001708984375 3.08001708984375 14.3200073242188 14.3200073242188 18.5700073242188 18.5700073242188 18.2200012207031 18.2200012207031 19.4100036621094 19.4100036621094 24.1800231933594 24.1800231933594 13.8200073242188 13.8200073242188 19.5 19.5 14.9800109863281 14.9800109863281 25.1099853515625 25.1099853515625 26.0700073242188 26.0700073242188 23.260009765625 23.260009765625 19.9499816894531 19.9499816894531
12.010009765625 4.66000366210938 4.66000366210938 15.77001953125 15.77001953125 9.48001098632812 9.48001098632812 13.22998046875 13.22998046875 23.2899780273438 23.2899780273438 14.9400024414062 14.9400024414062 24.7300109863281 24.7300109863281 18.6699829101562 18.6699829101562 21.2099914550781 21.2099914550781 16.5500183105469 16.5500183105469 3.08001708984375 3.08001708984375 14.3200073242188 14.3200073242188 18.5700073242188 18.5700073242188 18.2200012207031 18.2200012207031 19.4100036621094 19.4100036621094 24.1800231933594 24.1800231933594 13.8200073242188 13.8200073242188 19.5 19.5 14.9800109863281 14.9800109863281 25.1099853515625 25.1099853515625 26.0700073242188 26.0700073242188 23.260009765625 23.260009765625 19.9499816894531 19.9499816894531
28.02001953125 14.6399841308594 14.6399841308594 25.6400146484375 25.6400146484375 14 14 22.7100219726562 22.7100219726562 22.52001953125 22.52001953125 23.6099853515625 23.6099853515625 20.0800170898438 20.0800170898438 16.9299926757812 16.9299926757812 11.7099914550781 11.7099914550781 12.6799926757812 12.6799926757812 15.1399841308594 15.1399841308594 10.5799865722656 10.5799865722656 18.9200134277344 18.9200134277344 20.0299987792969 20.0299987792969 23.0499877929688 23.0499877929688 23.4199829101562 23.4199829101562 27.5299987792969 27.5299987792969 8.13998413085938 8.13998413085938 34.2099914550781 34.2099914550781 8.39999389648438 8.39999389648438 27.0299987792969 27.0299987792969 25.4099731445312 25.4099731445312 17.7999877929688 17.7999877929688
28.02001953125 14.6399841308594 14.6399841308594 25.6400146484375 25.6400146484375 14 14 22.7100219726562 22.7100219726562 22.52001953125 22.52001953125 23.6099853515625 23.6099853515625 20.0800170898438 20.0800170898438 16.9299926757812 16.9299926757812 11.7099914550781 11.7099914550781 12.6799926757812 12.6799926757812 15.1399841308594 15.1399841308594 10.5799865722656 10.5799865722656 18.9200134277344 18.9200134277344 20.0299987792969 20.0299987792969 23.0499877929688 23.0499877929688 23.4199829101562 23.4199829101562 27.5299987792969 27.5299987792969 8.13998413085938 8.13998413085938 34.2099914550781 34.2099914550781 8.39999389648438 8.39999389648438 27.0299987792969 27.0299987792969 25.4099731445312 25.4099731445312 17.7999877929688 17.7999877929688
23.3200073242188 20.9700012207031 20.9700012207031 24.2000122070312 24.2000122070312 19.5299987792969 19.5299987792969 20.3900146484375 20.3900146484375 26.4100036621094 26.4100036621094 24.8000183105469 24.8000183105469 12.7599792480469 12.7599792480469 15.8700256347656 15.8700256347656 0.290008544921875 0.290008544921875 12.010009765625 12.010009765625 19.1199951171875 19.1199951171875 14.9299926757812 14.9299926757812 19.0299987792969 19.0299987792969 20.6800231933594 20.6800231933594 22.8900146484375 22.8900146484375 16.5 16.5 15.4599914550781 15.4599914550781 16.7000122070312 16.7000122070312 24.3599853515625 24.3599853515625 8.22000122070312 8.22000122070312 17.3000183105469 17.3000183105469 13.7200012207031 13.7200012207031 26.5099792480469 26.5099792480469
23.3200073242188 20.9700012207031 20.9700012207031 24.2000122070312 24.2000122070312 19.5299987792969 19.5299987792969 20.3900146484375 20.3900146484375 26.4100036621094 26.4100036621094 24.8000183105469 24.8000183105469 12.7599792480469 12.7599792480469 15.8700256347656 15.8700256347656 0.290008544921875 0.290008544921875 12.010009765625 12.010009765625 19.1199951171875 19.1199951171875 14.9299926757812 14.9299926757812 19.0299987792969 19.0299987792969 20.6800231933594 20.6800231933594 22.8900146484375 22.8900146484375 16.5 16.5 15.4599914550781 15.4599914550781 16.7000122070312 16.7000122070312 24.3599853515625 24.3599853515625 8.22000122070312 8.22000122070312 17.3000183105469 17.3000183105469 13.7200012207031 13.7200012207031 26.5099792480469 26.5099792480469
