Calibration/input/C/tree-height.asc
NCOLS 100 
NROWS 100 
XLLCORNER 449715.00012207 
YLLCORNER 5639005.00012207 
CELLSIZE 5 
NODATA_value -3.4e+38 
[rows 0 to 19 of 100, columns 47 to 93 of 100]
28.010009765625 14.1600036621094 14.1600036621094 22.75 22.75 19.9500122070312 19.9500122070312 18.9299926757812 18.9299926757812 20.8300170898438 20.8300170898438 21.0299987792969 21.0299987792969 16.5299987792969 16.5299987792969 19.0899963378906 19.0899963378906 17.2099914550781 17.2099914550781 13.3900146484375 13.3900146484375 19.2999877929688 19.2999877929688 3.75 3.75 5.74002075195312 5.74002075195312 23.4500122070312 23.4500122070312 11.2799987792969 11.2799987792969 15.7000122070312 15.7000122070312 18.6100158691406 18.6100158691406 21.260009765625 21.260009765625 6.92999267578125 6.92999267578125 14.7999877929688 14.7999877929688 17.7000122070312 17.7000122070312 16.1400146484375 16.1400146484375 26.4500122070312 26.4500122070312
28.010009765625 14.1600036621094 14.1600036621094 22.75 22.75 19.9500122070312 19.9500122070312 18.9299926757812 18.9299926757812 20.8300170898438 20.8300170898438 21.0299987792969 21.0299987792969 16.5299987792969 16.5299987792969 19.0899963378906 19.0899963378906 17.2099914550781 17.2099914550781 13.3900146484375 13.3900146484375 19.2999877929688 19.2999877929688 3.75 3.75 5.74002075195312 5.74002075195312 23.4500122070312 23.4500122070312 11.2799987792969 11.2799987792969 15.7000122070312 15.7000122070312 18.6100158691406 18.6100158691406 21.260009765625 21.260009765625 6.92999267578125 6.92999267578125 14.7999877929688 14.7999877929688 17.7000122070312 17.7000122070312 16.1400146484375 16.1400146484375 26.4500122070312 26.4500122070312
15.8099975585938 27.0299987792969 27.0299987792969 24.2200012207031 24.2200012207031 20.7000122070312 20.7000122070312 16.6200256347656 16.6200256347656 20.8200073242188 20.8200073242188 15.9200134277344 15.9200134277344 14.3200073242188 14.3200073242188 16.2200012207031 16.2200012207031 17.8099975585938 17.8099975585938 16.1099853515625 16.1099853515625 15.7900085449219 15.7900085449219 7.20999145507812 7.20999145507812 18.3200073242188 18.3200073242188 12.1999816894531 12.1999816894531 3.69000244140625 3.69000244140625 17.0799865722656 17.0799865722656 25.3399963378906 25.3399963378906 17.5500183105469 17.5500183105469 21.6000061035156 21.6000061035156 11.25 11.25 20.4800109863281 20.4800109863281 24.9300231933594 24.9300231933594 31.5499877929688 31.5499877929688
15.8099975585938 27.0299987792969 27.0299987792969 24.2200012207031 24.2200012207031 20.7000122070312 20.7000122070312 16.6200256347656 16.6200256347656 20.8200073242188 20.8200073242188 15.9200134277344 15.9200134277344 14.3200073242188 14.3200073242188 16.2200012207031 16.2200012207031 17.8099975585938 17.8099975585938 16.1099853515625 16.1099853515625 15.7900085449219 15.7900085449219 7.20999145507812 7.20999145507812 18.3200073242188 18.3200073242188 12.1999816894531 12.1999816894531 3.69000244140625 3.69000244140625 17.0799865722656 17.0799865722656 25.3399963378906 25.3399963378906 17.5500183105469 17.5500183105469 21.6000061035156 21.6000061035156 11.25 11.25 20.4800109863281 20.4800109863281 24.9300231933594 24.9300231933594 31.5499877929688 31.5499877929688
7.83999633789062 24.2300109863281 24.2300109863281 22.0400085449219 22.0400085449219 17.7099914550781 17.7099914550781 6.07998657226562 6.07998657226562 14.7699890136719 14.7699890136719 11.2300109863281 11.2300109863281 20.0299987792969 20.0299987792969 13.3799743652344 13.3799743652344 16.6000061035156 16.6000061035156 17.1599731445312 17.1599731445312 21.0599975585938 21.0599975585938 19.1999816894531 19.1999816894531 1.83001708984375 1.83001708984375 13.3300170898438 13.3300170898438 8.010009765625 8.010009765625 10.9900207519531 10.9900207519531 22.5199890136719 22.5199890136719 20.4600219726562 20.4600219726562 22.75 22.75 13.5799865722656 13.5799865722656 29.97998046875 29.97998046875 28.0599975585938 28.0599975585938 27.2200012207031 27.2200012207031
7.83999633789062 24.2300109863281 24.2300109863281 22.0400085449219 22.0400085449219 17.7099914550781 17.7099914550781 6.07998657226562 6.07998657226562 14.7699890136719 14.7699890136719 11.2300109863281 11.2300109863281 20.0299987792969 20.0299987792969 13.3799743652344 13.3799743652344 16.6000061035156 16.6000061035156 17.1599731445312 17.1599731445312 21.0599975585938 21.0599975585938 19.1999816894531 19.1999816894531 1.83001708984375 1.83001708984375 13.3300170898438 13.3300170898438 8.010009765625 8.010009765625 10.9900207519531 10.9900207519531 22.5199890136719 22.5199890136719 20.4600219726562 20.4600219726562 22.75 22.75 13.5799865722656 13.5799865722656 29.97998046875 29.97998046875 28.0599975585938 28.0599975585938 27.2200012207031 27.2200012207031
12.6300048828125 14.9400024414062 14.9400024414062 19.8100280761719 19.8100280761719 13.1400146484375 13.1400146484375 2.6099853515625 2.6099853515625 8.32000732421875 8.32000732421875 15.2799987792969 15.2799987792969 24.9400024414062 24.9400024414062 20.4200134277344 20.4200134277344 21.3000183105469 21.3000183105469 23.4400024414062 23.4400024414062 0.25 0.25 11.6600036621094 11.6600036621094 21.4600219726562 21.4600219726562 22.3700256347656 22.3700256347656 25.4700012207031 25.4700012207031 18.8099975585938 18.8099975585938 25.8000183105469 25.8000183105469 24.7899780273438 24.7899780273438 25 25 21.4200134277344 21.4200134277344 31.6100158691406 31.6100158691406 25.9100036621094 25.9100036621094 28.3699951171875 28.3699951171875
12.6300048828125 14.9400024414062 14.9400024414062 19.8100280761719 19.8100280761719 13.1400146484375 13.1400146484375 2.6099853515625 2.6099853515625 8.32000732421875 8.32000732421875 15.2799987792969 15.2799987792969 24.9400024414062 24.9400024414062 20.4200134277344 20.4200134277344 21.3000183105469 21.3000183105469 23.4400024414062 23.4400024414062 0.25 0.25 11.6600036621094 11.6600036621094 21.4600219726562 21.4600219726562 22.3700256347656 22.3700256347656 25.4700012207031 25.4700012207031 18.8099975585938 18.8099975585938 25.8000183105469 25.8000183105469 24.7899780273438 24.7899780273438 25 25 21.4200134277344 21.4200134277344 31.6100158691406 31.6100158691406 25.9100036621094 25.9100036621094 28.3699951171875 28.3699951171875
16.7900085449219 24.2200012207031 24.2200012207031 13.1500244140625 13.1500244140625 15.4599914550781 15.4599914550781 9.58999633789062 9.58999633789062 9.95001220703125 9.95001220703125 6.20999145507812 6.20999145507812 31.8699951171875 31.8699951171875 16.72998046875 16.72998046875 18.8800048828125 18.8800048828125 19.1300048828125 19.1300048828125 20.6000061035156 20.6000061035156 23.3499755859375 23.3499755859375 22.72998046875 22.72998046875 25.3199768066406 25.3199768066406 30.7099914550781 30.7099914550781 29.2200012207031 29.2200012207031 28.4100036621094 28.4100036621094 28.4900207519531 28.4900207519531 24.1400146484375 24.1400146484375 28.1600036621094 28.1600036621094 26.9100036621094 26.9100036621094 21.0599975585938 21.0599975585938 27.0899963378906 27.0899963378906
16.7900085449219 24.2200012207031 24.2200012207031 13.1500244140625 13.1500244140625 15.4599914550781 15.4599914550781 9.58999633789062 9.58999633789062 9.95001220703125 9.95001220703125 6.20999145507812 6.20999145507812 31.8699951171875 31.8699951171875 16.72998046875 16.72998046875 18.8800048828125 18.8800048828125 19.1300048828125 19.1300048828125 20.6000061035156 20.6000061035156 23.3499755859375 23.3499755859375 22.72998046875 22.72998046875 25.3199768066406 25.3199768066406 30.7099914550781 30.7099914550781 29.2200012207031 29.2200012207031 28.4100036621094 28.4100036621094 28.4900207519531 28.4900207519531 24.1400146484375 24.1400146484375 28.1600036621094 28.1600036621094 26.9100036621094 26.9100036621094 21.0599975585938 21.0599975585938 27.0899963378906 27.0899963378906
25.0399780273438 22.0499877929688 22.0499877929688 14.97998046875 14.97998046875 17.5699768066406 17.5699768066406 25.5800170898438 25.5800170898438 20.8699951171875 20.8699951171875 20.7400207519531 20.7400207519531 21.1199951171875 21.1199951171875 22.6499938964844 22.6499938964844 15.989990234375 15.989990234375 20.4900207519531 20.4900207519531 24.5899963378906 24.5899963378906 24.77001953125 24.77001953125 22.5 22.5 18 18 23.8399963378906 23.8399963378906 21.8700256347656 21.8700256347656 24.3599853515625 24.3599853515625 15.2099914550781 15.2099914550781 28.22998046875 28.22998046875 12.4200134277344 12.4200134277344 30.7000122070312 30.7000122070312 24.8499755859375 24.8499755859375 25.0299987792969 25.0299987792969
25.0399780273438 22.0499877929688 22.0499877929688 14.97998046875 14.97998046875 17.5699768066406 17.5699768066406 25.5800170898438 25.5800170898438 20.8699951171875 20.8699951171875 20.7400207519531 20.7400207519531 21.1199951171875 21.1199951171875 22.6499938964844 22.6499938964844 15.989990234375 15.989990234375 20.4900207519531 20.4900207519531 24.5899963378906 24.5899963378906 24.77001953125 24.77001953125 22.5 22.5 18 18 23.8399963378906 23.8399963378906 21.8700256347656 21.8700256347656 24.3599853515625 24.3599853515625 15.2099914550781 15.2099914550781 28.22998046875 28.22998046875 12.4200134277344 12.4200134277344 30.7000122070312 30.7000122070312 24.8499755859375 24.8499755859375 25.0299987792969 25.0299987792969
0 19.9099731445312 19.9099731445312 8.47000122070312 8.47000122070312 22.52001953125 22.52001953125 23.8200073242188 23.8200073242188 23.5299987792969 23.5299987792969 22.9500122070312 22.9500122070312 10.9299926757812 10.9299926757812 21.5 21.5 22.2200012207031 22.2200012207031 24.5899963378906 24.5899963378906 22.6100158691406 22.6100158691406 27.0199890136719 27.0199890136719 22.6799926757812 22.6799926757812 6.50997924804688 6.50997924804688 8.89999389648438 8.89999389648438 5.42001342773438 5.42001342773438 12 12 19.0800170898438 19.0800170898438 27.6499938964844 27.6499938964844 19.4599914550781 19.4599914550781 4.91000366210938 4.91000366210938 13.9800109863281 13.9800109863281 24.0899963378906 24.0899963378906
0 19.9099731445312 19.9099731445312 8.47000122070312 8.47000122070312 22.52001953125 22.52001953125 23.8200073242188 23.8200073242188 23.5299987792969 23.5299987792969 22.9500122070312 22.9500122070312 10.9299926757812 10.9299926757812 21.5 21.5 22.2200012207031 22.2200012207031 24.5899963378906 24.5899963378906 22.6100158691406 22.6100158691406 27.0199890136719 27.0199890136719 22.6799926757812 22.6799926757812 6.50997924804688 6.50997924804688 8.89999389648438 8.89999389648438 5.42001342773438 5.42001342773438 12 12 19.0800170898438 19.0800170898438 27.6499938964844 27.6499938964844 19.4599914550781 19.4599914550781 4.91000366210938 4.91000366210938 13.9800109863281 13.9800109863281 24.0899963378906 24.0899963378906
4.49002075195312 18.0699768066406 18.0699768066406 25.0699768066406 25.0699768066406 23.4499816894531 23.4499816894531 28.6100158691406 28.6100158691406 20.2900085449219 20.2900085449219 25.3699951171875 25.3699951171875 27.5 27.5 25.5499877929688 25.5499877929688 25.5699768066406 25.5699768066406 10.989990234375 10.989990234375 15.7599792480469 15.7599792480469 17.0499877929688 17.0499877929688 13.4400024414062 13.4400024414062 23.1699829101562 23.1699829101562 7.30999755859375 7.30999755859375 23.4100036621094 23.4100036621094 23.1199951171875 23.1199951171875 9.51998901367188 9.51998901367188 23.5199890136719 23.5199890136719 5.239990234375 5.239990234375 24.0699768066406 24.0699768066406 20.7099914550781 20.7099914550781 8.76998901367188 8.76998901367188
4.49002075195312 18.0699768066406 18.0699768066406 25.0699768066406 25.0699768066406 23.4499816894531 23.4499816894531 28.6100158691406 28.6100158691406 20.2900085449219 20.2900085449219 25.3699951171875 25.3699951171875 27.5 27.5 25.5499877929688 25.5499877929688 25.5699768066406 25.5699768066406 10.989990234375 10.989990234375 15.7599792480469 15.7599792480469 17.0499877929688 17.0499877929688 13.4400024414062 13.4400024414062 23.1699829101562 23.1699829101562 7.30999755859375 7.30999755859375 23.4100036621094 23.4100036621094 23.1199951171875 23.1199951171875 9.51998901367188 9.51998901367188 23.5199890136719 23.5199890136719 5.239990234375 5.239990234375 24.0699768066406 24.0699768066406 20.7099914550781 20.7099914550781 8.76998901367188 8.76998901367188
7.26998901367188 14.1499938964844 14.1499938964844 22.0700073242188 22.0700073242188 5.78997802734375 5.78997802734375 18.8899841308594 18.8899841308594 22.3599853515625 22.3599853515625 18.4100036621094 18.4100036621094 20.0899963378906 20.0899963378906 19.7900085449219 19.7900085449219 24.9100036621094 24.9100036621094 0 0 10.7799987792969 10.7799987792969 20.6100158691406 20.6100158691406 18.5799865722656 18.5799865722656 5.32000732421875 5.32000732421875 29.5699768066406 29.5699768066406 26.4700012207031 26.4700012207031 19.4100036621094 19.4100036621094 22.9599914550781 22.9599914550781 17.8900146484375 17.8900146484375 25.9599914550781 25.9599914550781 21.6699829101562 21.6699829101562 20 20 19.25 19.25
7.26998901367188 14.1499938964844 14.1499938964844 22.0700073242188 22.0700073242188 5.78997802734375 5.78997802734375 18.8899841308594 18.8899841308594 22.3599853515625 22.3599853515625 18.4100036621094 18.4100036621094 20.0899963378906 20.0899963378906 19.7900085449219 19.7900085449219 24.9100036621094 24.9100036621094 0 0 10.7799987792969 10.7799987792969 20.6100158691406 20.6100158691406 18.5799865722656 18.5799865722656 5.32000732421875 5.32000732421875 29.5699768066406 29.5699768066406 26.4700012207031 26.4700012207031 19.4100036621094 19.4100036621094 22.9599914550781 22.9599914550781 17.8900146484375 17.8900146484375 25.9599914550781 25.9599914550781 21.6699829101562 21.6699829101562 20 20 19.25 19.25
18.1700134277344 22.7200012207031 22.7200012207031 2.5 2.5 19.1100158691406 19.1100158691406 19.7000122070312 19.7000122070312 16.4200134277344 16.4200134277344 12.3399963378906 12.3399963378906 20.8800048828125 20.8800048828125 0 0 15.7000122070312 15.7000122070312 17.5 17.5 15.1399841308594 15.1399841308594 17.239990234375 17.239990234375 10.0599975585938 10.0599975585938 11.3899841308594 11.3899841308594 7.02999877929688 7.02999877929688 17.7200012207031 17.7200012207031 12.5199890136719 12.5199890136719 19.5 19.5 14.0799865722656 14.0799865722656 7.05999755859375 7.05999755859375 19.1999816894531 19.1999816894531 17.1100158691406 17.1100158691406 21.239990234375 21.239990234375
18.1700134277344 22.7200012207031 22.7200012207031 2.5 2.5 19.1100158691406 19.1100158691406 19.7000122070312 19.7000122070312 16.4200134277344 16.4200134277344 12.3399963378906 12.3399963378906 20.8800048828125 20.8800048828125 0 0 15.7000122070312 15.7000122070312 17.5 17.5 15.1399841308594 15.1399841308594 17.239990234375 17.239990234375 10.0599975585938 10.0599975585938 11.3899841308594 11.3899841308594 7.02999877929688 7.02999877929688 17.7200012207031 17.7200012207031 12.5199890136719 12.5199890136719 19.5 19.5 14.0799865722656 14.0799865722656 7.05999755859375 7.05999755859375 19.1999816894531 19.1999816894531 17.1100158691406 17.1100158691406 21.239990234375 21.239990234375
