Application/input/A/tree-height.asc
NCOLS 200 
NROWS 200 
XLLCORNER 442460.00012207 
YLLCORNER 5641245.00012207 
CELLSIZE 5 
NODATA_value -3.4e+38 
[rows 168 to 188 of 200, columns 96 to 143 of 200]
26.3899993896484 16.2400054931641 16.2400054931641 34.1499938964844 34.1499938964844 26.3600006103516 26.3600006103516 21.1399993896484 21.1399993896484 1.53999328613281 1.53999328613281 30.3699951171875 30.3699951171875 28.4100036621094 28.4100036621094 18.5200042724609 18.5200042724609 7.79000854492188 7.79000854492188 23.5399932861328 23.5399932861328 21.4299926757812 21.4299926757812 6.97999572753906 6.97999572753906 27.1699981689453 27.1699981689453 30.4900054931641 30.4900054931641 26.7599945068359 26.7599945068359 23.7700042724609 23.7700042724609 17.5 17.5 4.31999206542969 4.31999206542969 21.8099975585938 21.8099975585938 24.4099884033203 24.4099884033203 2.71998596191406 2.71998596191406 30.9199981689453 30.9199981689453 16.9199981689453 16.9199981689453 13.6300048828125
26.3899993896484 16.2400054931641 16.2400054931641 34.1499938964844 34.1499938964844 26.3600006103516 26.3600006103516 21.1399993896484 21.1399993896484 1.53999328613281 1.53999328613281 30.3699951171875 30.3699951171875 28.4100036621094 28.4100036621094 18.5200042724609 18.5200042724609 7.79000854492188 7.79000854492188 23.5399932861328 23.5399932861328 21.4299926757812 21.4299926757812 6.97999572753906 6.97999572753906 27.1699981689453 27.1699981689453 30.4900054931641 30.4900054931641 26.7599945068359 26.7599945068359 23.7700042724609 23.7700042724609 17.5 17.5 4.31999206542969 4.31999206542969 21.8099975585938 21.8099975585938 24.4099884033203 24.4099884033203 2.71998596191406 2.71998596191406 30.9199981689453 30.9199981689453 16.9199981689453 16.9199981689453 13.6300048828125
33.6500091552734 27.6799926757812 27.6799926757812 27.8300018310547 27.8300018310547 27.9300079345703 27.9300079345703 26.7100067138672 26.7100067138672 28.1399993896484 28.1399993896484 23.2700042724609 23.2700042724609 15.7700042724609 15.7700042724609 25.4799957275391 25.4799957275391 20.0699920654297 20.0699920654297 20.2899932861328 20.2899932861328 22.3299865722656 22.3299865722656 29.7700042724609 29.7700042724609 30.3300018310547 30.3300018310547 29.489990234375 29.489990234375 2.79998779296875 2.79998779296875 18.9900054931641 18.9900054931641 15.7400054931641 15.7400054931641 2.72999572753906 2.72999572753906 19.8499908447266 19.8499908447266 26.4900054931641 26.4900054931641 27.4799957275391 27.4799957275391 28.9700012207031 28.9700012207031 30.8199920654297 30.8199920654297 14.6100006103516
33.6500091552734 27.6799926757812 27.6799926757812 27.8300018310547 27.8300018310547 27.9300079345703 27.9300079345703 26.7100067138672 26.7100067138672 28.1399993896484 28.1399993896484 23.2700042724609 23.2700042724609 15.7700042724609 15.7700042724609 25.4799957275391 25.4799957275391 20.0699920654297 20.0699920654297 20.2899932861328 20.2899932861328 22.3299865722656 22.3299865722656 29.7700042724609 29.7700042724609 30.3300018310547 30.3300018310547 29.489990234375 29.489990234375 2.79998779296875 2.79998779296875 18.9900054931641 18.9900054931641 15.7400054931641 15.7400054931641 2.72999572753906 2.72999572753906 19.8499908447266 19.8499908447266 26.4900054931641 26.4900054931641 27.4799957275391 27.4799957275391 28.9700012207031 28.9700012207031 30.8199920654297 30.8199920654297 14.6100006103516
27.0699920654297 21.6699981689453 21.6699981689453 23.6299896240234 23.6299896240234 26.4199981689453 26.4199981689453 25.3600006103516 25.3600006103516 15.5299987792969 15.5299987792969 17.8600006103516 17.8600006103516 17.9499969482422 17.9499969482422 2.55000305175781 2.55000305175781 22.1699981689453 22.1699981689453 8.55000305175781 8.55000305175781 17.6999969482422 17.6999969482422 24.8399963378906 24.8399963378906 34.3699951171875 34.3699951171875 31.7599945068359 31.7599945068359 11.2400054931641 11.2400054931641 20.9299926757812 20.9299926757812 13.1499938964844 13.1499938964844 17.75 17.75 20.7099914550781 20.7099914550781 29.6900024414062 29.6900024414062 5.77999877929688 5.77999877929688 32.3800048828125 32.3800048828125 31.4199981689453 31.4199981689453 21.9399871826172
27.0699920654297 21.6699981689453 21.6699981689453 23.6299896240234 23.6299896240234 26.4199981689453 26.4199981689453 25.3600006103516 25.3600006103516 15.5299987792969 15.5299987792969 17.8600006103516 17.8600006103516 17.9499969482422 17.9499969482422 2.55000305175781 2.55000305175781 22.1699981689453 22.1699981689453 8.55000305175781 8.55000305175781 17.6999969482422 17.6999969482422 24.8399963378906 24.8399963378906 34.3699951171875 34.3699951171875 31.7599945068359 31.7599945068359 11.2400054931641 11.2400054931641 20.9299926757812 20.9299926757812 13.1499938964844 13.1499938964844 17.75 17.75 20.7099914550781 20.7099914550781 29.6900024414062 29.6900024414062 5.77999877929688 5.77999877929688 32.3800048828125 32.3800048828125 31.4199981689453 31.4199981689453 21.9399871826172
28.8299865722656 28.6499938964844 28.6499938964844 18.7899932861328 18.7899932861328 25.9100036621094 25.9100036621094 10.6600036621094 10.6600036621094 23.3699951171875 23.3699951171875 21 21 0.0800018310546875 0.0800018310546875 0.520004272460938 0.520004272460938 20.6200103759766 20.6200103759766 18.2400054931641 18.2400054931641 21.8000030517578 21.8000030517578 35.3800048828125 35.3800048828125 40.2100067138672 40.2100067138672 0.279998779296875 0.279998779296875 22.6699981689453 22.6699981689453 15.5299987792969 15.5299987792969 9.37001037597656 9.37001037597656 23.6399993896484 23.6399993896484 28 28 22.3799896240234 22.3799896240234 16.6600036621094 16.6600036621094 16.1600036621094 16.1600036621094 30.2900085449219 30.2900085449219 17.1300048828125
28.8299865722656 28.6499938964844 28.6499938964844 18.7899932861328 18.7899932861328 25.9100036621094 25.9100036621094 10.6600036621094 10.6600036621094 23.3699951171875 23.3699951171875 21 21 0.0800018310546875 0.0800018310546875 0.520004272460938 0.520004272460938 20.6200103759766 20.6200103759766 18.2400054931641 18.2400054931641 21.8000030517578 21.8000030517578 35.3800048828125 35.3800048828125 40.2100067138672 40.2100067138672 0.279998779296875 0.279998779296875 22.6699981689453 22.6699981689453 15.5299987792969 15.5299987792969 9.37001037597656 9.37001037597656 23.6399993896484 23.6399993896484 28 28 22.3799896240234 22.3799896240234 16.6600036621094 16.6600036621094 16.1600036621094 16.1600036621094 30.2900085449219 30.2900085449219 17.1300048828125
31.1399993896484 18.3000030517578 18.3000030517578 6.760009765625 6.760009765625 17.8200073242188 17.8200073242188 11.6500091552734 11.6500091552734 20.6799926757812 20.6799926757812 17.0800018310547 17.0800018310547 1.03001403808594 1.03001403808594 4.6199951171875 4.6199951171875 18.7699890136719 18.7699890136719 21.0899963378906 21.0899963378906 23.1000061035156 23.1000061035156 30.5699920654297 30.5699920654297 27.9199981689453 27.9199981689453 23.7000122070312 23.7000122070312 21.0299987792969 21.0299987792969 9.41999816894531 9.41999816894531 19.989990234375 19.989990234375 16.5800018310547 16.5800018310547 24.0500030517578 24.0500030517578 19.2700042724609 19.2700042724609 0 0 12.0800018310547 12.0800018310547 19.0599975585938 19.0599975585938 24.7200012207031
31.1399993896484 18.3000030517578 18.3000030517578 6.760009765625 6.760009765625 17.8200073242188 17.8200073242188 11.6500091552734 11.6500091552734 20.6799926757812 20.6799926757812 17.0800018310547 17.0800018310547 1.03001403808594 1.03001403808594 4.6199951171875 4.6199951171875 18.7699890136719 18.7699890136719 21.0899963378906 21.0899963378906 23.1000061035156 23.1000061035156 30.5699920654297 30.5699920654297 27.9199981689453 27.9199981689453 23.7000122070312 23.7000122070312 21.0299987792969 21.0299987792969 9.41999816894531 9.41999816894531 19.989990234375 19.989990234375 16.5800018310547 16.5800018310547 24.0500030517578 24.0500030517578 19.2700042724609 19.2700042724609 0 0 12.0800018310547 12.0800018310547 19.0599975585938 19.0599975585938 24.7200012207031
18.2900085449219 19.4000091552734 19.4000091552734 20.1600036621094 20.1600036621094 18.2400054931641 18.2400054931641 19.6999969482422 19.6999969482422 19.4400024414062 19.4400024414062 16.5699920654297 16.5699920654297 3.63999938964844 3.63999938964844 5.41999816894531 5.41999816894531 17.6699981689453 17.6699981689453 23.8700103759766 23.8700103759766 29.1699981689453 29.1699981689453 28.1299896240234 28.1299896240234 26.5 26.5 18.6799926757812 18.6799926757812 19.7799987792969 19.7799987792969 18.2700042724609 18.2700042724609 15.25 15.25 25.2899932861328 25.2899932861328 19.2700042724609 19.2700042724609 6.58000183105469 6.58000183105469 0 0 16.7000122070312 16.7000122070312 17.9100036621094 17.9100036621094 22.5599975585938
18.2900085449219 19.4000091552734 19.4000091552734 20.1600036621094 20.1600036621094 18.2400054931641 18.2400054931641 19.6999969482422 19.6999969482422 19.4400024414062 19.4400024414062 16.5699920654297 16.5699920654297 3.63999938964844 3.63999938964844 5.41999816894531 5.41999816894531 17.6699981689453 17.6699981689453 23.8700103759766 23.8700103759766 29.1699981689453 29.1699981689453 28.1299896240234 28.1299896240234 26.5 26.5 18.6799926757812 18.6799926757812 19.7799987792969 19.7799987792969 18.2700042724609 18.2700042724609 15.25 15.25 25.2899932861328 25.2899932861328 19.2700042724609 19.2700042724609 6.58000183105469 6.58000183105469 0 0 16.7000122070312 16.7000122070312 17.9100036621094 17.9100036621094 22.5599975585938
29.4499969482422 8.38999938964844 8.38999938964844 15.1900024414062 15.1900024414062 2.58000183105469 2.58000183105469 15.6799926757812 15.6799926757812 13.8500061035156 13.8500061035156 24.3800048828125 24.3800048828125 3.82000732421875 3.82000732421875 10.3600006103516 10.3600006103516 2.41999816894531 2.41999816894531 20.7299957275391 20.7299957275391 26.2400054931641 26.2400054931641 17.8099975585938 17.8099975585938 29.3699951171875 29.3699951171875 1.78999328613281 1.78999328613281 6.28999328613281 6.28999328613281 3.47999572753906 3.47999572753906 18.0099945068359 18.0099945068359 22.6900024414062 22.6900024414062 15.9400024414062 15.9400024414062 0.3699951171875 0.3699951171875 12.7299957275391 12.7299957275391 11.0399932861328 11.0399932861328 10.6499938964844 10.6499938964844 31.9300079345703
29.4499969482422 8.38999938964844 8.38999938964844 15.1900024414062 15.1900024414062 2.58000183105469 2.58000183105469 15.6799926757812 15.6799926757812 13.8500061035156 13.8500061035156 24.3800048828125 24.3800048828125 3.82000732421875 3.82000732421875 10.3600006103516 10.3600006103516 2.41999816894531 2.41999816894531 20.7299957275391 20.7299957275391 26.2400054931641 26.2400054931641 17.8099975585938 17.8099975585938 29.3699951171875 29.3699951171875 1.78999328613281 1.78999328613281 6.28999328613281 6.28999328613281 3.47999572753906 3.47999572753906 18.0099945068359 18.0099945068359 22.6900024414062 22.6900024414062 15.9400024414062 15.9400024414062 0.3699951171875 0.3699951171875 12.7299957275391 12.7299957275391 11.0399932861328 11.0399932861328 10.6499938964844 10.6499938964844 31.9300079345703
22.489990234375 27.1100006103516 27.1100006103516 2.83999633789062 2.83999633789062 19.5999908447266 19.5999908447266 20.1499938964844 20.1499938964844 18.2100067138672 18.2100067138672 17.4900054931641 17.4900054931641 18.4300079345703 18.4300079345703 17.1699981689453 17.1699981689453 20.5200042724609 20.5200042724609 15.6000061035156 15.6000061035156 25.8999938964844 25.8999938964844 29.6600036621094 29.6600036621094 28.3700103759766 28.3700103759766 22.4199981689453 22.4199981689453 10.1900024414062 10.1900024414062 4.57000732421875 4.57000732421875 0.509994506835938 0.509994506835938 21.7299957275391 21.7299957275391 19.0299987792969 19.0299987792969 12.0400085449219 12.0400085449219 10 10 7.85000610351562 7.85000610351562 27.8200073242188 27.8200073242188 25.8500061035156
22.489990234375 27.1100006103516 27.1100006103516 2.83999633789062 2.83999633789062 19.5999908447266 19.5999908447266 20.1499938964844 20.1499938964844 18.2100067138672 18.2100067138672 17.4900054931641 17.4900054931641 18.4300079345703 18.4300079345703 17.1699981689453 17.1699981689453 20.5200042724609 20.5200042724609 15.6000061035156 15.6000061035156 25.8999938964844 25.8999938964844 29.6600036621094 29.6600036621094 28.3700103759766 28.3700103759766 22.4199981689453 22.4199981689453 10.1900024414062 10.1900024414062 4.57000732421875 4.57000732421875 0.509994506835938 0.509994506835938 21.7299957275391 21.7299957275391 19.0299987792969 19.0299987792969 12.0400085449219 12.0400085449219 10 10 7.85000610351562 7.85000610351562 27.8200073242188 27.8200073242188 25.8500061035156
26.3499908447266 22.4600067138672 22.4600067138672 25.6899871826172 25.6899871826172 11.1500091552734 11.1500091552734 11.0999908447266 11.0999908447266 12.1100006103516 12.1100006103516 18.0399932861328 18.0399932861328 13.9000091552734 13.9000091552734 3.65998840332031 3.65998840332031 19.0200042724609 19.0200042724609 25.260009765625 25.260009765625 18.9500122070312 18.9500122070312 24.4800109863281 24.4800109863281 25.5200042724609 25.5200042724609 21.3600006103516 21.3600006103516 12.0899963378906 12.0899963378906 0.610000610351562 0.610000610351562 1.18998718261719 1.18998718261719 17.6600036621094 17.6600036621094 9.75 9.75 10.5800018310547 10.5800018310547 24.510009765625 24.510009765625 12.3499908447266 12.3499908447266 26.6699981689453 26.6699981689453 35.4000091552734
26.3499908447266 22.4600067138672 22.4600067138672 25.6899871826172 25.6899871826172 11.1500091552734 11.1500091552734 11.0999908447266 11.0999908447266 12.1100006103516 12.1100006103516 18.0399932861328 18.0399932861328 13.9000091552734 13.9000091552734 3.65998840332031 3.65998840332031 19.0200042724609 19.0200042724609 25.260009765625 25.260009765625 18.9500122070312 18.9500122070312 24.4800109863281 24.4800109863281 25.5200042724609 25.5200042724609 21.3600006103516 21.3600006103516 12.0899963378906 12.0899963378906 0.610000610351562 0.610000610351562 1.18998718261719 1.18998718261719 17.6600036621094 17.6600036621094 9.75 9.75 10.5800018310547 10.5800018310547 24.510009765625 24.510009765625 12.3499908447266 12.3499908447266 26.6699981689453 26.6699981689453 35.4000091552734
28.7499847412109 25.6100158691406 25.6100158691406 23.8599853515625 23.8599853515625 25.6999969482422 25.6999969482422 8.08000183105469 8.08000183105469 10.3200073242188 10.3200073242188 16.4100036621094 16.4100036621094 11.9499969482422 11.9499969482422 3.81001281738281 3.81001281738281 17.1499938964844 17.1499938964844 0 0 23.7100067138672 23.7100067138672 3.489990234375 3.489990234375 26.6200103759766 26.6200103759766 14.1399993896484 14.1399993896484 1.86000061035156 1.86000061035156 15.989990234375 15.989990234375 19.7400054931641 19.7400054931641 1.6199951171875 1.6199951171875 5.239990234375 5.239990234375 14.0999908447266 14.0999908447266 0.44000244140625 0.44000244140625 25.5 25.5 37.0400085449219 37.0400085449219 29
28.7499847412109 25.6100158691406 25.6100158691406 23.8599853515625 23.8599853515625 25.6999969482422 25.6999969482422 8.08000183105469 8.08000183105469 10.3200073242188 10.3200073242188 16.4100036621094 16.4100036621094 11.9499969482422 11.9499969482422 3.81001281738281 3.81001281738281 17.1499938964844 17.1499938964844 0 0 23.7100067138672 23.7100067138672 3.489990234375 3.489990234375 26.6200103759766 26.6200103759766 14.1399993896484 14.1399993896484 1.86000061035156 1.86000061035156 15.989990234375 15.989990234375 19.7400054931641 19.7400054931641 1.6199951171875 1.6199951171875 5.239990234375 5.239990234375 14.0999908447266 14.0999908447266 0.44000244140625 0.44000244140625 25.5 25.5 37.0400085449219 37.0400085449219 29
25.1600036621094 21.2400054931641 21.2400054931641 24.3999938964844 24.3999938964844 6.6300048828125 6.6300048828125 16.2400054931641 16.2400054931641 17.4700012207031 17.4700012207031 18.6200103759766 18.6200103759766 3.13999938964844 3.13999938964844 10.8600006103516 10.8600006103516 27.2400054931641 27.2400054931641 22.5199890136719 22.5199890136719 22.0099945068359 22.0099945068359 22.9300079345703 22.9300079345703 23.6199951171875 23.6199951171875 1.80999755859375 1.80999755859375 6.6300048828125 6.6300048828125 5 5 3.29998779296875 3.29998779296875 6.5 6.5 13.1900024414062 13.1900024414062 20.0899963378906 20.0899963378906 20.7299957275391 20.7299957275391 33.2400054931641 33.2400054931641 30.4300079345703 30.4300079345703 24.4599914550781
