Application/input/A/tree-height.asc
NCOLS 200 
NROWS 200 
XLLCORNER 442460.00012207 
YLLCORNER 5641245.00012207 
CELLSIZE 5 
NODATA_value -3.4e+38 
[rows 105 to 125 of 200, columns 144 to 191 of 200]
13.3000030517578 26.0999908447266 26.0999908447266 29.3000030517578 29.3000030517578 24.6699981689453 24.6699981689453 31.1100006103516 31.1100006103516 29.1600036621094 29.1600036621094 22.3699951171875 22.3699951171875 21.4499969482422 21.4499969482422 16.8399963378906 16.8399963378906 0 0 25.6100158691406 25.6100158691406 24.8599853515625 24.8599853515625 25.8199920654297 25.8199920654297 21.6199798583984 21.6199798583984 20.8600006103516 20.8600006103516 22.0099945068359 22.0099945068359 0.979995727539062 0.979995727539062 3.59001159667969 3.59001159667969 3.08999633789062 3.08999633789062 17.2300109863281 17.2300109863281 13.7200012207031 13.7200012207031 16.4299926757812 16.4299926757812 15.0899963378906 15.0899963378906 17.4599914550781 17.4599914550781 15.6300048828125
25.1900024414062 12.9700012207031 12.9700012207031 7.75 7.75 27.7799987792969 27.7799987792969 9.95999145507812 9.95999145507812 14.8899993896484 14.8899993896484 29.1100158691406 29.1100158691406 28.5 28.5 0.639999389648438 0.639999389648438 0.07000732421875 0.07000732421875 0.010009765625 0.010009765625 13.3099975585938 13.3099975585938 21.5400085449219 21.5400085449219 1.47000122070312 1.47000122070312 16.4299926757812 16.4299926757812 21.489990234375 21.489990234375 0.459991455078125 0.459991455078125 0.0099945068359375 0.0099945068359375 4.97999572753906 4.97999572753906 15.9000091552734 15.9000091552734 16.2900085449219 16.2900085449219 8.66000366210938 8.66000366210938 15.5699768066406 15.5699768066406 15.5400085449219 15.5400085449219 18.6999816894531
25.1900024414062 12.9700012207031 12.9700012207031 7.75 7.75 27.7799987792969 27.7799987792969 9.95999145507812 9.95999145507812 14.8899993896484 14.8899993896484 29.1100158691406 29.1100158691406 28.5 28.5 0.639999389648438 0.639999389648438 0.07000732421875 0.07000732421875 0.010009765625 0.010009765625 13.3099975585938 13.3099975585938 21.5400085449219 21.5400085449219 1.47000122070312 1.47000122070312 16.4299926757812 16.4299926757812 21.489990234375 21.489990234375 0.459991455078125 0.459991455078125 0.0099945068359375 0.0099945068359375 4.97999572753906 4.97999572753906 15.9000091552734 15.9000091552734 16.2900085449219 16.2900085449219 8.66000366210938 8.66000366210938 15.5699768066406 15.5699768066406 15.5400085449219 15.5400085449219 18.6999816894531
27.5699920654297 23.25 23.25 1.94000244140625 1.94000244140625 27.1200103759766 27.1200103759766 26.1100006103516 26.1100006103516 25.0399932861328 25.0399932861328 31.1700134277344 31.1700134277344 0 0 1.58000183105469 1.58000183105469 2.27999877929688 2.27999877929688 5.70999145507812 5.70999145507812 8.03999328613281 8.03999328613281 3.75 3.75 4.87001037597656 4.87001037597656 18.6600036621094 18.6600036621094 12.3499908447266 12.3499908447266 0.05999755859375 0.05999755859375 0 0 15.6100006103516 15.6100006103516 15.0000152587891 15.0000152587891 13.3199768066406 13.3199768066406 6.29000854492188 6.29000854492188 20.3399963378906 20.3399963378906 14.4700012207031 14.4700012207031 9.1400146484375
27.5699920654297 23.25 23.25 1.94000244140625 1.94000244140625 27.1200103759766 27.1200103759766 26.1100006103516 26.1100006103516 25.0399932861328 25.0399932861328 31.1700134277344 31.1700134277344 0 0 1.58000183105469 1.58000183105469 2.27999877929688 2.27999877929688 5.70999145507812 5.70999145507812 8.03999328613281 8.03999328613281 3.75 3.75 4.87001037597656 4.87001037597656 18.6600036621094 18.6600036621094 12.3499908447266 12.3499908447266 0.05999755859375 0.05999755859375 0 0 15.6100006103516 15.6100006103516 15.0000152587891 15.0000152587891 13.3199768066406 13.3199768066406 6.29000854492188 6.29000854492188 20.3399963378906 20.3399963378906 14.4700012207031 14.4700012207031 9.1400146484375
0.419998168945312 8.86000061035156 8.86000061035156 23.8200073242188 23.8200073242188 27.4599914550781 27.4599914550781 6.62998962402344 6.62998962402344 31.1900024414062 31.1900024414062 32.6100006103516 32.6100006103516 0.520004272460938 0.520004272460938 0.689987182617188 0.689987182617188 0.739990234375 0.739990234375 0.949996948242188 0.949996948242188 8.02000427246094 8.02000427246094 0.860000610351562 0.860000610351562 0.239990234375 0.239990234375 2.21000671386719 2.21000671386719 0.669998168945312 0.669998168945312 0.30999755859375 0.30999755859375 0.029998779296875 0.029998779296875 16.3200073242188 16.3200073242188 1.21000671386719 1.21000671386719 15.0700073242188 15.0700073242188 11.0299987792969 11.0299987792969 8.32000732421875 8.32000732421875 10.2200012207031 10.2200012207031 16.7099914550781
0.419998168945312 8.86000061035156 8.86000061035156 23.8200073242188 23.8200073242188 27.4599914550781 27.4599914550781 6.62998962402344 6.62998962402344 31.1900024414062 31.1900024414062 32.6100006103516 32.6100006103516 0.520004272460938 0.520004272460938 0.689987182617188 0.689987182617188 0.739990234375 0.739990234375 0.949996948242188 0.949996948242188 8.02000427246094 8.02000427246094 0.860000610351562 0.860000610351562 0.239990234375 0.239990234375 2.21000671386719 2.21000671386719 0.669998168945312 0.669998168945312 0.30999755859375 0.30999755859375 0.029998779296875 0.029998779296875 16.3200073242188 16.3200073242188 1.21000671386719 1.21000671386719 15.0700073242188 15.0700073242188 11.0299987792969 11.0299987792969 8.32000732421875 8.32000732421875 10.2200012207031 10.2200012207031 16.7099914550781
20.8600006103516 18.1399993896484 18.1399993896484 15.4300079345703 15.4300079345703 22.9900054931641 22.9900054931641 7.80000305175781 7.80000305175781 18 18 3.68000793457031 3.68000793457031 2.95001220703125 2.95001220703125 3.84999084472656 3.84999084472656 0 0 0.75 0.75 1.63999938964844 1.63999938964844 0.80999755859375 0.80999755859375 3.21000671386719 3.21000671386719 0.480010986328125 0.480010986328125 1.30000305175781 1.30000305175781 3.30999755859375 3.30999755859375 0.900009155273438 0.900009155273438 13.5400085449219 13.5400085449219 17.6000061035156 17.6000061035156 19.3799896240234 19.3799896240234 8.11001586914062 8.11001586914062 8.05999755859375 8.05999755859375 17.2100219726562 17.2100219726562 14.5299987792969
20.8600006103516 18.1399993896484 18.1399993896484 15.4300079345703 15.4300079345703 22.9900054931641 22.9900054931641 7.80000305175781 7.80000305175781 18 18 3.68000793457031 3.68000793457031 2.95001220703125 2.95001220703125 3.84999084472656 3.84999084472656 0 0 0.75 0.75 1.63999938964844 1.63999938964844 0.80999755859375 0.80999755859375 3.21000671386719 3.21000671386719 0.480010986328125 0.480010986328125 1.30000305175781 1.30000305175781 3.30999755859375 3.30999755859375 0.900009155273438 0.900009155273438 13.5400085449219 13.5400085449219 17.6000061035156 17.6000061035156 19.3799896240234 19.3799896240234 8.11001586914062 8.11001586914062 8.05999755859375 8.05999755859375 17.2100219726562 17.2100219726562 14.5299987792969
4.23001098632812 20.8200073242188 20.8200073242188 21.7299957275391 21.7299957275391 9.33000183105469 9.33000183105469 21.1399993896484 21.1399993896484 32.4199981689453 32.4199981689453 9.52000427246094 9.52000427246094 2.63999938964844 2.63999938964844 3.41999816894531 3.41999816894531 6.08000183105469 6.08000183105469 0.0800018310546875 0.0800018310546875 0.0999908447265625 0.0999908447265625 15.5500030517578 15.5500030517578 17.0499877929688 17.0499877929688 4.17999267578125 4.17999267578125 8.02000427246094 8.02000427246094 1.20999145507812 1.20999145507812 8.06999206542969 8.06999206542969 3.30999755859375 3.30999755859375 20.0900115966797 20.0900115966797 19.3700103759766 19.3700103759766 18.1999969482422 18.1999969482422 17.6999816894531 17.6999816894531 9.739990234375 9.739990234375 7.19000244140625
4.23001098632812 20.8200073242188 20.8200073242188 21.7299957275391 21.7299957275391 9.33000183105469 9.33000183105469 21.1399993896484 21.1399993896484 32.4199981689453 32.4199981689453 9.52000427246094 9.52000427246094 2.63999938964844 2.63999938964844 3.41999816894531 3.41999816894531 6.08000183105469 6.08000183105469 0.0800018310546875 0.0800018310546875 0.0999908447265625 0.0999908447265625 15.5500030517578 15.5500030517578 17.0499877929688 17.0499877929688 4.17999267578125 4.17999267578125 8.02000427246094 8.02000427246094 1.20999145507812 1.20999145507812 8.06999206542969 8.06999206542969 3.30999755859375 3.30999755859375 20.0900115966797 20.0900115966797 19.3700103759766 19.3700103759766 18.1999969482422 18.1999969482422 17.6999816894531 17.6999816894531 9.739990234375 9.739990234375 7.19000244140625
8.90000915527344 1.40998840332031 1.40998840332031 17.7599945068359 17.7599945068359 25.8999938964844 25.8999938964844 0 0 25.3699951171875 25.3699951171875 4.51998901367188 4.51998901367188 3.69000244140625 3.69000244140625 6.43000793457031 6.43000793457031 2.53999328613281 2.53999328613281 21.2800140380859 21.2800140380859 0.149993896484375 0.149993896484375 20.5200042724609 20.5200042724609 0 0 14.4799957275391 14.4799957275391 0.029998779296875 0.029998779296875 0.639999389648438 0.639999389648438 17.0299987792969 17.0299987792969 19.3799896240234 19.3799896240234 19.0400085449219 19.0400085449219 9.28001403808594 9.28001403808594 15.7899932861328 15.7899932861328 18.760009765625 18.760009765625 13.7200012207031 13.7200012207031 16.9499816894531
8.90000915527344 1.40998840332031 1.40998840332031 17.7599945068359 17.7599945068359 25.8999938964844 25.8999938964844 0 0 25.3699951171875 25.3699951171875 4.51998901367188 4.51998901367188 3.69000244140625 3.69000244140625 6.43000793457031 6.43000793457031 2.53999328613281 2.53999328613281 21.2800140380859 21.2800140380859 0.149993896484375 0.149993896484375 20.5200042724609 20.5200042724609 0 0 14.4799957275391 14.4799957275391 0.029998779296875 0.029998779296875 0.639999389648438 0.639999389648438 17.0299987792969 17.0299987792969 19.3799896240234 19.3799896240234 19.0400085449219 19.0400085449219 9.28001403808594 9.28001403808594 15.7899932861328 15.7899932861328 18.760009765625 18.760009765625 13.7200012207031 13.7200012207031 16.9499816894531
29.3999938964844 19.9100036621094 19.9100036621094 22.7200012207031 22.7200012207031 1.8800048828125 1.8800048828125 18.0299987792969 18.0299987792969 16.8899993896484 16.8899993896484 4.24000549316406 4.24000549316406 0.70001220703125 0.70001220703125 0 0 2.57000732421875 2.57000732421875 5.57000732421875 5.57000732421875 3.87001037597656 3.87001037597656 0 0 11.5599975585938 11.5599975585938 0 0 10.9100036621094 10.9100036621094 0.490005493164062 0.490005493164062 19.1699829101562 19.1699829101562 19.7400054931641 19.7400054931641 21.0699920654297 21.0699920654297 20.5 20.5 13.4700012207031 13.4700012207031 18.4999847412109 18.4999847412109 19.6200256347656 19.6200256347656 11.97998046875
29.3999938964844 19.9100036621094 19.9100036621094 22.7200012207031 22.7200012207031 1.8800048828125 1.8800048828125 18.0299987792969 18.0299987792969 16.8899993896484 16.8899993896484 4.24000549316406 4.24000549316406 0.70001220703125 0.70001220703125 0 0 2.57000732421875 2.57000732421875 5.57000732421875 5.57000732421875 3.87001037597656 3.87001037597656 0 0 11.5599975585938 11.5599975585938 0 0 10.9100036621094 10.9100036621094 0.490005493164062 0.490005493164062 19.1699829101562 19.1699829101562 19.7400054931641 19.7400054931641 21.0699920654297 21.0699920654297 20.5 20.5 13.4700012207031 13.4700012207031 18.4999847412109 18.4999847412109 19.6200256347656 19.6200256347656 11.97998046875
24.1000061035156 0.110000610351562 0.110000610351562 16.4000091552734 16.4000091552734 10.6300048828125 10.6300048828125 4.29000854492188 4.29000854492188 0.07000732421875 0.07000732421875 2.30999755859375 2.30999755859375 1.66999816894531 1.66999816894531 8.49000549316406 8.49000549316406 13.260009765625 13.260009765625 13.0599975585938 13.0599975585938 25.4499969482422 25.4499969482422 14.8499908447266 14.8499908447266 3.11000061035156 3.11000061035156 0.400009155273438 0.400009155273438 0.07000732421875 0.07000732421875 17.3499908447266 17.3499908447266 18.2900085449219 18.2900085449219 20.5799865722656 20.5799865722656 20.7899932861328 20.7899932861328 12.3800048828125 12.3800048828125 22.7999877929688 22.7999877929688 17.3799896240234 17.3799896240234 20.1900024414062 20.1900024414062 17.8699951171875
24.1000061035156 0.110000610351562 0.110000610351562 16.4000091552734 16.4000091552734 10.6300048828125 10.6300048828125 4.29000854492188 4.29000854492188 0.07000732421875 0.07000732421875 2.30999755859375 2.30999755859375 1.66999816894531 1.66999816894531 8.49000549316406 8.49000549316406 13.260009765625 13.260009765625 13.0599975585938 13.0599975585938 25.4499969482422 25.4499969482422 14.8499908447266 14.8499908447266 3.11000061035156 3.11000061035156 0.400009155273438 0.400009155273438 0.07000732421875 0.07000732421875 17.3499908447266 17.3499908447266 18.2900085449219 18.2900085449219 20.5799865722656 20.5799865722656 20.7899932861328 20.7899932861328 12.3800048828125 12.3800048828125 22.7999877929688 22.7999877929688 17.3799896240234 17.3799896240234 20.1900024414062 20.1900024414062 17.8699951171875
32.4799957275391 4.38999938964844 4.38999938964844 15.7599945068359 15.7599945068359 24.6699981689453 24.6699981689453 17.3300018310547 17.3300018310547 3.81001281738281 3.81001281738281 0.32000732421875 0.32000732421875 0 0 0 0 1.72000122070312 1.72000122070312 5.02000427246094 5.02000427246094 9.36000061035156 9.36000061035156 16.9199981689453 16.9199981689453 0.0999908447265625 0.0999908447265625 0.8800048828125 0.8800048828125 2.15998840332031 2.15998840332031 18.5099792480469 18.5099792480469 20.3200073242188 20.3200073242188 19.7599945068359 19.7599945068359 22.4299926757812 22.4299926757812 16.8899841308594 16.8899841308594 22.1699981689453 22.1699981689453 22.0599975585938 22.0599975585938 20.8300018310547 20.8300018310547 21.2699890136719
32.4799957275391 4.38999938964844 4.38999938964844 15.7599945068359 15.7599945068359 24.6699981689453 24.6699981689453 17.3300018310547 17.3300018310547 3.81001281738281 3.81001281738281 0.32000732421875 0.32000732421875 0 0 0 0 1.72000122070312 1.72000122070312 5.02000427246094 5.02000427246094 9.36000061035156 9.36000061035156 16.9199981689453 16.9199981689453 0.0999908447265625 0.0999908447265625 0.8800048828125 0.8800048828125 2.15998840332031 2.15998840332031 18.5099792480469 18.5099792480469 20.3200073242188 20.3200073242188 19.7599945068359 19.7599945068359 22.4299926757812 22.4299926757812 16.8899841308594 16.8899841308594 22.1699981689453 22.1699981689453 22.0599975585938 22.0599975585938 20.8300018310547 20.8300018310547 21.2699890136719
25.6700134277344 0.460006713867188 0.460006713867188 3.71000671386719 3.71000671386719 22.4499969482422 22.4499969482422 29.5400085449219 29.5400085449219 30.9000091552734 30.9000091552734 9.65000915527344 9.65000915527344 3.70001220703125 3.70001220703125 9.92999267578125 9.92999267578125 1.64999389648438 1.64999389648438 0 0 19.1100006103516 19.1100006103516 20.6399993896484 20.6399993896484 1.3699951171875 1.3699951171875 0.319992065429688 0.319992065429688 7.36000061035156 7.36000061035156 12.3999938964844 12.3999938964844 18.5299987792969 18.5299987792969 16.6199951171875 16.6199951171875 19.1699981689453 19.1699981689453 19.6099853515625 19.6099853515625 16.3299865722656 16.3299865722656 21.1700134277344 21.1700134277344 12.8099822998047 12.8099822998047 20.02001953125
25.6700134277344 0.460006713867188 0.460006713867188 3.71000671386719 3.71000671386719 22.4499969482422 22.4499969482422 29.5400085449219 29.5400085449219 30.9000091552734 30.9000091552734 9.65000915527344 9.65000915527344 3.70001220703125 3.70001220703125 9.92999267578125 9.92999267578125 1.64999389648438 1.64999389648438 0 0 19.1100006103516 19.1100006103516 20.6399993896484 20.6399993896484 1.3699951171875 1.3699951171875 0.319992065429688 0.319992065429688 7.36000061035156 7.36000061035156 12.3999938964844 12.3999938964844 18.5299987792969 18.5299987792969 16.6199951171875 16.6199951171875 19.1699981689453 19.1699981689453 19.6099853515625 19.6099853515625 16.3299865722656 16.3299865722656 21.1700134277344 21.1700134277344 12.8099822998047 12.8099822998047 20.02001953125
