Application/input/A/tree-height.asc
NCOLS 200 
NROWS 200 
XLLCORNER 442460.00012207 
YLLCORNER 5641245.00012207 
CELLSIZE 5 
NODATA_value -3.4e+38 
[rows 105 to 125 of 200, columns 48 to 95 of 200]
25.5 25.9799957275391 25.9799957275391 24.2400054931641 24.2400054931641 25.0800018310547 25.0800018310547 25.4000091552734 25.4000091552734 22.9299926757812 22.9299926757812 0.040008544921875 0.040008544921875 0.0500030517578125 0.0500030517578125 0 0 21.9400024414062 21.9400024414062 17.8099975585938 17.8099975585938 23.4199981689453 23.4199981689453 23.1699981689453 23.1699981689453 24.0499877929688 24.0499877929688 5.22999572753906 5.22999572753906 18.1900024414062 18.1900024414062 8.19000244140625 8.19000244140625 11.9600067138672 11.9600067138672 16.2700042724609 16.2700042724609 15.3499908447266 15.3499908447266 19.6900024414062 19.6900024414062 18.6299896240234 18.6299896240234 15.8200073242188 15.8200073242188 27.6699981689453 27.6699981689453 23.7200012207031
30.3999938964844 23.8000030517578 23.8000030517578 26.1399993896484 26.1399993896484 19.6199951171875 19.6199951171875 22 22 1.05000305175781 1.05000305175781 0 0 0.0200042724609375 0.0200042724609375 0 0 19.4300079345703 19.4300079345703 11.2699890136719 11.2699890136719 20.6399993896484 20.6399993896484 23.2100067138672 23.2100067138672 26.1999969482422 26.1999969482422 19 19 32.2200012207031 32.2200012207031 30.8800048828125 30.8800048828125 22.5999908447266 22.5999908447266 19.25 19.25 13.9000091552734 13.9000091552734 18.9100036621094 18.9100036621094 0 0 2.97999572753906 2.97999572753906 21.9700012207031 21.9700012207031 23.760009765625
30.3999938964844 23.8000030517578 23.8000030517578 26.1399993896484 26.1399993896484 19.6199951171875 19.6199951171875 22 22 1.05000305175781 1.05000305175781 0 0 0.0200042724609375 0.0200042724609375 0 0 19.4300079345703 19.4300079345703 11.2699890136719 11.2699890136719 20.6399993896484 20.6399993896484 23.2100067138672 23.2100067138672 26.1999969482422 26.1999969482422 19 19 32.2200012207031 32.2200012207031 30.8800048828125 30.8800048828125 22.5999908447266 22.5999908447266 19.25 19.25 13.9000091552734 13.9000091552734 18.9100036621094 18.9100036621094 0 0 2.97999572753906 2.97999572753906 21.9700012207031 21.9700012207031 23.760009765625
3.08999633789062 27.6100006103516 27.6100006103516 21.2999877929688 21.2999877929688 22.5800018310547 22.5800018310547 22.0500030517578 22.0500030517578 26.1999969482422 26.1999969482422 17.7400054931641 17.7400054931641 0 0 0 0 4.90000915527344 4.90000915527344 19.5799865722656 19.5799865722656 13.8300018310547 13.8300018310547 18.8899993896484 18.8899993896484 20.0500030517578 20.0500030517578 26.989990234375 26.989990234375 36.2100067138672 36.2100067138672 26.2400054931641 26.2400054931641 21.5399932861328 21.5399932861328 10.1199951171875 10.1199951171875 0.1199951171875 0.1199951171875 0 0 0.0099945068359375 0.0099945068359375 0 0 14.739990234375 14.739990234375 9.77999877929688
3.08999633789062 27.6100006103516 27.6100006103516 21.2999877929688 21.2999877929688 22.5800018310547 22.5800018310547 22.0500030517578 22.0500030517578 26.1999969482422 26.1999969482422 17.7400054931641 17.7400054931641 0 0 0 0 4.90000915527344 4.90000915527344 19.5799865722656 19.5799865722656 13.8300018310547 13.8300018310547 18.8899993896484 18.8899993896484 20.0500030517578 20.0500030517578 26.989990234375 26.989990234375 36.2100067138672 36.2100067138672 26.2400054931641 26.2400054931641 21.5399932861328 21.5399932861328 10.1199951171875 10.1199951171875 0.1199951171875 0.1199951171875 0 0 0.0099945068359375 0.0099945068359375 0 0 14.739990234375 14.739990234375 9.77999877929688
37.760009765625 33.3399963378906 33.3399963378906 24.3099975585938 24.3099975585938 21.3300018310547 21.3300018310547 24.3000030517578 24.3000030517578 24.7700042724609 24.7700042724609 8.17999267578125 8.17999267578125 0 0 0.010009765625 0.010009765625 0 0 0.0099945068359375 0.0099945068359375 1.41000366210938 1.41000366210938 13.0699920654297 13.0699920654297 4.14999389648438 4.14999389648438 17.8600006103516 17.8600006103516 34.1999969482422 34.1999969482422 28.2400054931641 28.2400054931641 17.3399963378906 17.3399963378906 0.0500030517578125 0.0500030517578125 0 0 0 0 0 0 0 0 0 0 0
37.760009765625 33.3399963378906 33.3399963378906 24.3099975585938 24.3099975585938 21.3300018310547 21.3300018310547 24.3000030517578 24.3000030517578 24.7700042724609 24.7700042724609 8.17999267578125 8.17999267578125 0 0 0.010009765625 0.010009765625 0 0 0.0099945068359375 0.0099945068359375 1.41000366210938 1.41000366210938 13.0699920654297 13.0699920654297 4.14999389648438 4.14999389648438 17.8600006103516 17.8600006103516 34.1999969482422 34.1999969482422 28.2400054931641 28.2400054931641 17.3399963378906 17.3399963378906 0.0500030517578125 0.0500030517578125 0 0 0 0 0 0 0 0 0 0 0
28.5800018310547 34.0699920654297 34.0699920654297 26.7599945068359 26.7599945068359 23.6799926757812 23.6799926757812 25.489990234375 25.489990234375 22.1699981689453 22.1699981689453 2.33000183105469 2.33000183105469 0 0 0 0 0 0 0.029998779296875 0.029998779296875 0.160003662109375 0.160003662109375 9.47000122070312 9.47000122070312 8.06999206542969 8.06999206542969 25.6999969482422 25.6999969482422 30.1499938964844 30.1499938964844 19.8800048828125 19.8800048828125 6.98001098632812 6.98001098632812 0 0 0 0 0.010009765625 0.010009765625 0.0200042724609375 0.0200042724609375 0 0 0.650009155273438 0.650009155273438 0
28.5800018310547 34.0699920654297 34.0699920654297 26.7599945068359 26.7599945068359 23.6799926757812 23.6799926757812 25.489990234375 25.489990234375 22.1699981689453 22.1699981689453 2.33000183105469 2.33000183105469 0 0 0 0 0 0 0.029998779296875 0.029998779296875 0.160003662109375 0.160003662109375 9.47000122070312 9.47000122070312 8.06999206542969 8.06999206542969 25.6999969482422 25.6999969482422 30.1499938964844 30.1499938964844 19.8800048828125 19.8800048828125 6.98001098632812 6.98001098632812 0 0 0 0 0.010009765625 0.010009765625 0.0200042724609375 0.0200042724609375 0 0 0.650009155273438 0.650009155273438 0
30.8000030517578 29.9600067138672 29.9600067138672 28.6699981689453 28.6699981689453 23.3400115966797 23.3400115966797 24.6399993896484 24.6399993896484 25.5599975585938 25.5599975585938 0 0 0.0999908447265625 0.0999908447265625 0.029998779296875 0.029998779296875 0.0099945068359375 0.0099945068359375 0 0 0 0 1.52999877929688 1.52999877929688 19.2799987792969 19.2799987792969 15.5999908447266 15.5999908447266 19.7700042724609 19.7700042724609 13.6500091552734 13.6500091552734 0 0 0.0099945068359375 0.0099945068359375 0.0099945068359375 0.0099945068359375 0 0 0 0 0 0 0 0 0.019989013671875
30.8000030517578 29.9600067138672 29.9600067138672 28.6699981689453 28.6699981689453 23.3400115966797 23.3400115966797 24.6399993896484 24.6399993896484 25.5599975585938 25.5599975585938 0 0 0.0999908447265625 0.0999908447265625 0.029998779296875 0.029998779296875 0.0099945068359375 0.0099945068359375 0 0 0 0 1.52999877929688 1.52999877929688 19.2799987792969 19.2799987792969 15.5999908447266 15.5999908447266 19.7700042724609 19.7700042724609 13.6500091552734 13.6500091552734 0 0 0.0099945068359375 0.0099945068359375 0.0099945068359375 0.0099945068359375 0 0 0 0 0 0 0 0 0.019989013671875
27.5600128173828 29.6499938964844 29.6499938964844 0 0 22.1999969482422 22.1999969482422 20.3199920654297 20.3199920654297 23.2700042724609 23.2700042724609 0 0 0.029998779296875 0.029998779296875 0 0 0 0 0.0099945068359375 0.0099945068359375 0.0099945068359375 0.0099945068359375 0 0 12.6999969482422 12.6999969482422 12.6999969482422 12.6999969482422 0 0 0 0 0 0 0 0 0 0 0 0 0 0 0 0 0 0 0.0800018310546875
27.5600128173828 29.6499938964844 29.6499938964844 0 0 22.1999969482422 22.1999969482422 20.3199920654297 20.3199920654297 23.2700042724609 23.2700042724609 0 0 0.029998779296875 0.029998779296875 0 0 0 0 0.0099945068359375 0.0099945068359375 0.0099945068359375 0.0099945068359375 0 0 12.6999969482422 12.6999969482422 12.6999969482422 12.6999969482422 0 0 0 0 0 0 0 0 0 0 0 0 0 0 0 0 0 0 0.0800018310546875
19.2599945068359 29.1200103759766 29.1200103759766 29.5599975585938 29.5599975585938 26.8200073242188 26.8200073242188 22.1699981689453 22.1699981689453 3.29000854492188 3.29000854492188 0.040008544921875 0.040008544921875 0.05999755859375 0.05999755859375 0.019989013671875 0.019989013671875 0.0099945068359375 0.0099945068359375 0.0099945068359375 0.0099945068359375 0 0 0 0 0.1199951171875 0.1199951171875 0.230010986328125 0.230010986328125 1.5 1.5 0 0 0 0 0 0 0 0 0 0 0 0 0 0 0 0 0
19.2599945068359 29.1200103759766 29.1200103759766 29.5599975585938 29.5599975585938 26.8200073242188 26.8200073242188 22.1699981689453 22.1699981689453 3.29000854492188 3.29000854492188 0.040008544921875 0.040008544921875 0.05999755859375 0.05999755859375 0.019989013671875 0.019989013671875 0.0099945068359375 0.0099945068359375 0.0099945068359375 0.0099945068359375 0 0 0 0 0.1199951171875 0.1199951171875 0.230010986328125 0.230010986328125 1.5 1.5 0 0 0 0 0 0 0 0 0 0 0 0 0 0 0 0 0
13.9900054931641 20.2699890136719 20.2699890136719 36.4599914550781 36.4599914550781 24.8300018310547 24.8300018310547 26.5399932861328 26.5399932861328 7.80000305175781 7.80000305175781 0 0 0 0 0 0 0 0 0 0 0 0 0 0 0 0 0.0099945068359375 0.0099945068359375 0 0 0 0 0 0 0 0 0 0 0 0 0 0 0 0 0 0 0.0099945068359375
13.9900054931641 20.2699890136719 20.2699890136719 36.4599914550781 36.4599914550781 24.8300018310547 24.8300018310547 26.5399932861328 26.5399932861328 7.80000305175781 7.80000305175781 0 0 0 0 0 0 0 0 0 0 0 0 0 0 0 0 0.0099945068359375 0.0099945068359375 0 0 0 0 0 0 0 0 0 0 0 0 0 0 0 0 0 0 0.0099945068359375
26.0700073242188 30.25 30.25 23.9499969482422 23.9499969482422 24.7699890136719 24.7699890136719 26.0400085449219 26.0400085449219 21.7200012207031 21.7200012207031 0 0 0 0 0 0 0 0 0 0 0 0 0.0500030517578125 0.0500030517578125 0.029998779296875 0.029998779296875 0.0300140380859375 0.0300140380859375 0 0 0 0 0 0 0 0 0 0 0 0 0 0 0 0 0 0 0
26.0700073242188 30.25 30.25 23.9499969482422 23.9499969482422 24.7699890136719 24.7699890136719 26.0400085449219 26.0400085449219 21.7200012207031 21.7200012207031 0 0 0 0 0 0 0 0 0 0 0 0 0.0500030517578125 0.0500030517578125 0.029998779296875 0.029998779296875 0.0300140380859375 0.0300140380859375 0 0 0 0 0 0 0 0 0 0 0 0 0 0 0 0 0 0 0
18.6100006103516 26.1699981689453 26.1699981689453 33.010009765625 33.010009765625 25.8999938964844 25.8999938964844 23.6300048828125 23.6300048828125 12.1000061035156 12.1000061035156 0.010009765625 0.010009765625 0 0 0 0 0.010009765625 0.010009765625 0 0 0 0 0 0 0 0 0 0 0 0 0 0 0 0 0 0 0 0 0 0 0 0 0 0 0 0 0.0099945068359375
18.6100006103516 26.1699981689453 26.1699981689453 33.010009765625 33.010009765625 25.8999938964844 25.8999938964844 23.6300048828125 23.6300048828125 12.1000061035156 12.1000061035156 0.010009765625 0.010009765625 0 0 0 0 0.010009765625 0.010009765625 0 0 0 0 0 0 0 0 0 0 0 0 0 0 0 0 0 0 0 0 0 0 0 0 0 0 0 0 0.0099945068359375
