Application/input/A/tree-height.asc
NCOLS 200 
NROWS 200 
XLLCORNER 442460.00012207 
YLLCORNER 5641245.00012207 
CELLSIZE 5 
NODATA_value -3.4e+38 
[rows 42 to 62 of 200, columns 96 to 143 of 200]
3.52999877929688 7.19000244140625 7.19000244140625 16.5700073242188 16.5700073242188 4.94999694824219 4.94999694824219 6.30000305175781 6.30000305175781 10.2100067138672 10.2100067138672 17.7999877929688 17.7999877929688 16.5599975585938 16.5599975585938 18.1000061035156 18.1000061035156 17.6600036621094 17.6600036621094 17.1399993896484 17.1399993896484 18.2100067138672 18.2100067138672 17.3800048828125 17.3800048828125 12.6799926757812 12.6799926757812 17.1399841308594 17.1399841308594 22.3099975585938 22.3099975585938 21.5299987792969 21.5299987792969 25.9299926757812 25.9299926757812 19.1200103759766 19.1200103759766 13.0800018310547 13.0800018310547 11.2299957275391 11.2299957275391 17.0699920654297 17.0699920654297 17.3199920654297 17.3199920654297 6.99000549316406 6.99000549316406 4.97999572753906
3.52999877929688 7.19000244140625 7.19000244140625 16.5700073242188 16.5700073242188 4.94999694824219 4.94999694824219 6.30000305175781 6.30000305175781 10.2100067138672 10.2100067138672 17.7999877929688 17.7999877929688 16.5599975585938 16.5599975585938 18.1000061035156 18.1000061035156 17.6600036621094 17.6600036621094 17.1399993896484 17.1399993896484 18.2100067138672 18.2100067138672 17.3800048828125 17.3800048828125 12.6799926757812 12.6799926757812 17.1399841308594 17.1399841308594 22.3099975585938 22.3099975585938 21.5299987792969 21.5299987792969 25.9299926757812 25.9299926757812 19.1200103759766 19.1200103759766 13.0800018310547 13.0800018310547 11.2299957275391 11.2299957275391 17.0699920654297 17.0699920654297 17.3199920654297 17.3199920654297 6.99000549316406 6.99000549316406 4.97999572753906
10.7299957275391 18.9900054931641 18.9900054931641 6.74000549316406 6.74000549316406 2.33999633789062 2.33999633789062 9.57000732421875 9.57000732421875 8.26998901367188 8.26998901367188 4.47000122070312 4.47000122070312 7.19999694824219 7.19999694824219 17.1600036621094 17.1600036621094 14.9100036621094 14.9100036621094 6.12001037597656 6.12001037597656 15.8400115966797 15.8400115966797 19.3799896240234 19.3799896240234 16.3200073242188 16.3200073242188 10.8099822998047 10.8099822998047 21.3000030517578 21.3000030517578 22.5399932861328 22.5399932861328 20.1800079345703 20.1800079345703 22.0299987792969 22.0299987792969 19.6999969482422 19.6999969482422 25.3899993896484 25.3899993896484 9.06999206542969 9.06999206542969 9.59999084472656 9.59999084472656 19.0700073242188 19.0700073242188 25.7900085449219
10.7299957275391 18.9900054931641 18.9900054931641 6.74000549316406 6.74000549316406 2.33999633789062 2.33999633789062 9.57000732421875 9.57000732421875 8.26998901367188 8.26998901367188 4.47000122070312 4.47000122070312 7.19999694824219 7.19999694824219 17.1600036621094 17.1600036621094 14.9100036621094 14.9100036621094 6.12001037597656 6.12001037597656 15.8400115966797 15.8400115966797 19.3799896240234 19.3799896240234 16.3200073242188 16.3200073242188 10.8099822998047 10.8099822998047 21.3000030517578 21.3000030517578 22.5399932861328 22.5399932861328 20.1800079345703 20.1800079345703 22.0299987792969 22.0299987792969 19.6999969482422 19.6999969482422 25.3899993896484 25.3899993896484 9.06999206542969 9.06999206542969 9.59999084472656 9.59999084472656 19.0700073242188 19.0700073242188 25.7900085449219
11.2400054931641 22.6499938964844 22.6499938964844 12.0299987792969 12.0299987792969 8.31001281738281 8.31001281738281 29.6199951171875 29.6199951171875 13.7700042724609 13.7700042724609 24.0799865722656 24.0799865722656 23.5400085449219 23.5400085449219 23.4499969482422 23.4499969482422 19.8099975585938 19.8099975585938 9.80999755859375 9.80999755859375 9.80999755859375 9.80999755859375 16.7599945068359 16.7599945068359 16.6799926757812 16.6799926757812 21.8200073242188 21.8200073242188 21.3699951171875 21.3699951171875 15.8400115966797 15.8400115966797 26.5800170898438 26.5800170898438 21.6800079345703 21.6800079345703 16.5800018310547 16.5800018310547 23.4700164794922 23.4700164794922 21.6199951171875 21.6199951171875 19.1900024414062 19.1900024414062 24.9400024414062 24.9400024414062 12.3399963378906
11.2400054931641 22.6499938964844 22.6499938964844 12.0299987792969 12.0299987792969 8.31001281738281 8.31001281738281 29.6199951171875 29.6199951171875 13.7700042724609 13.7700042724609 24.0799865722656 24.0799865722656 23.5400085449219 23.5400085449219 23.4499969482422 23.4499969482422 19.8099975585938 19.8099975585938 9.80999755859375 9.80999755859375 9.80999755859375 9.80999755859375 16.7599945068359 16.7599945068359 16.6799926757812 16.6799926757812 21.8200073242188 21.8200073242188 21.3699951171875 21.3699951171875 15.8400115966797 15.8400115966797 26.5800170898438 26.5800170898438 21.6800079345703 21.6800079345703 16.5800018310547 16.5800018310547 23.4700164794922 23.4700164794922 21.6199951171875 21.6199951171875 19.1900024414062 19.1900024414062 24.9400024414062 24.9400024414062 12.3399963378906
7.37998962402344 11.4700012207031 11.4700012207031 2.84999084472656 2.84999084472656 1.39999389648438 1.39999389648438 0.019989013671875 0.019989013671875 20.3200073242188 20.3200073242188 11.3999938964844 11.3999938964844 24.0500030517578 24.0500030517578 22.0999908447266 22.0999908447266 17.3500061035156 17.3500061035156 10.3799896240234 10.3799896240234 14.5200042724609 14.5200042724609 14.8800048828125 14.8800048828125 13.9800109863281 13.9800109863281 16.5700073242188 16.5700073242188 20.0500030517578 20.0500030517578 21.0900115966797 21.0900115966797 24.8200073242188 24.8200073242188 22.9000091552734 22.9000091552734 23.2899932861328 23.2899932861328 19.9200134277344 19.9200134277344 24.7900085449219 24.7900085449219 13.1800079345703 13.1800079345703 25.0000152587891 25.0000152587891 18.6199951171875
7.37998962402344 11.4700012207031 11.4700012207031 2.84999084472656 2.84999084472656 1.39999389648438 1.39999389648438 0.019989013671875 0.019989013671875 20.3200073242188 20.3200073242188 11.3999938964844 11.3999938964844 24.0500030517578 24.0500030517578 22.0999908447266 22.0999908447266 17.3500061035156 17.3500061035156 10.3799896240234 10.3799896240234 14.5200042724609 14.5200042724609 14.8800048828125 14.8800048828125 13.9800109863281 13.9800109863281 16.5700073242188 16.5700073242188 20.0500030517578 20.0500030517578 21.0900115966797 21.0900115966797 24.8200073242188 24.8200073242188 22.9000091552734 22.9000091552734 23.2899932861328 23.2899932861328 19.9200134277344 19.9200134277344 24.7900085449219 24.7900085449219 13.1800079345703 13.1800079345703 25.0000152587891 25.0000152587891 18.6199951171875
9.08000183105469 10.8399963378906 10.8399963378906 14.0700073242188 14.0700073242188 52.5699920654297 52.5699920654297 18.4499969482422 18.4499969482422 29.0200042724609 29.0200042724609 19.9799957275391 19.9799957275391 15.5499877929688 15.5499877929688 24.9199981689453 24.9199981689453 13.1399993896484 13.1399993896484 17.2800140380859 17.2800140380859 10.8900146484375 10.8900146484375 8.27001953125 8.27001953125 13.3399963378906 13.3399963378906 13.489990234375 13.489990234375 8.5999755859375 8.5999755859375 13.3200073242188 13.3200073242188 19.7100067138672 19.7100067138672 19.0500030517578 19.0500030517578 16.5 16.5 18.3099975585938 18.3099975585938 22.3500061035156 22.3500061035156 21.3300018310547 21.3300018310547 19.7999877929688 19.7999877929688 14.5699920654297
9.08000183105469 10.8399963378906 10.8399963378906 14.0700073242188 14.0700073242188 52.5699920654297 52.5699920654297 18.4499969482422 18.4499969482422 29.0200042724609 29.0200042724609 19.9799957275391 19.9799957275391 15.5499877929688 15.5499877929688 24.9199981689453 24.9199981689453 13.1399993896484 13.1399993896484 17.2800140380859 17.2800140380859 10.8900146484375 10.8900146484375 8.27001953125 8.27001953125 13.3399963378906 13.3399963378906 13.489990234375 13.489990234375 8.5999755859375 8.5999755859375 13.3200073242188 13.3200073242188 19.7100067138672 19.7100067138672 19.0500030517578 19.0500030517578 16.5 16.5 18.3099975585938 18.3099975585938 22.3500061035156 22.3500061035156 21.3300018310547 21.3300018310547 19.7999877929688 19.7999877929688 14.5699920654297
6.88999938964844 8.44000244140625 8.44000244140625 0.75 0.75 0.25 0.25 7.91000366210938 7.91000366210938 27.4799957275391 27.4799957275391 16.6200103759766 16.6200103759766 11.0500030517578 11.0500030517578 18.4499969482422 18.4499969482422 13.75 13.75 13.4099884033203 13.4099884033203 16.6599884033203 16.6599884033203 18.7400054931641 18.7400054931641 6.02999877929688 6.02999877929688 19.0899963378906 19.0899963378906 16.0799865722656 16.0799865722656 10.3800048828125 10.3800048828125 16.6800231933594 16.6800231933594 19.8499908447266 19.8499908447266 17.3000030517578 17.3000030517578 19.9099884033203 19.9099884033203 21.3500061035156 21.3500061035156 18.4300079345703 18.4300079345703 13.8699798583984 13.8699798583984 21.0299987792969
6.88999938964844 8.44000244140625 8.44000244140625 0.75 0.75 0.25 0.25 7.91000366210938 7.91000366210938 27.4799957275391 27.4799957275391 16.6200103759766 16.6200103759766 11.0500030517578 11.0500030517578 18.4499969482422 18.4499969482422 13.75 13.75 13.4099884033203 13.4099884033203 16.6599884033203 16.6599884033203 18.7400054931641 18.7400054931641 6.02999877929688 6.02999877929688 19.0899963378906 19.0899963378906 16.0799865722656 16.0799865722656 10.3800048828125 10.3800048828125 16.6800231933594 16.6800231933594 19.8499908447266 19.8499908447266 17.3000030517578 17.3000030517578 19.9099884033203 19.9099884033203 21.3500061035156 21.3500061035156 18.4300079345703 18.4300079345703 13.8699798583984 13.8699798583984 21.0299987792969
1.63999938964844 0.0500030517578125 0.0500030517578125 1.16000366210938 1.16000366210938 11.4400024414062 11.4400024414062 24.9800109863281 24.9800109863281 25.2199859619141 25.2199859619141 14.2999877929688 14.2999877929688 21.1100006103516 21.1100006103516 16.7099914550781 16.7099914550781 11.3099975585938 11.3099975585938 16.0699920654297 16.0699920654297 18.2199859619141 18.2199859619141 6.53001403808594 6.53001403808594 4.87001037597656 4.87001037597656 19.2099914550781 19.2099914550781 18.9300231933594 18.9300231933594 18.1600036621094 18.1600036621094 10.9400024414062 10.9400024414062 19.2799987792969 19.2799987792969 17.5700073242188 17.5700073242188 11.8600158691406 11.8600158691406 10.0800018310547 10.0800018310547 19.1000061035156 19.1000061035156 20.5 20.5 8.71000671386719
1.63999938964844 0.0500030517578125 0.0500030517578125 1.16000366210938 1.16000366210938 11.4400024414062 11.4400024414062 24.9800109863281 24.9800109863281 25.2199859619141 25.2199859619141 14.2999877929688 14.2999877929688 21.1100006103516 21.1100006103516 16.7099914550781 16.7099914550781 11.3099975585938 11.3099975585938 16.0699920654297 16.0699920654297 18.2199859619141 18.2199859619141 6.53001403808594 6.53001403808594 4.87001037597656 4.87001037597656 19.2099914550781 19.2099914550781 18.9300231933594 18.9300231933594 18.1600036621094 18.1600036621094 10.9400024414062 10.9400024414062 19.2799987792969 19.2799987792969 17.5700073242188 17.5700073242188 11.8600158691406 11.8600158691406 10.0800018310547 10.0800018310547 19.1000061035156 19.1000061035156 20.5 20.5 8.71000671386719
20.4099884033203 12.7199859619141 12.7199859619141 0 0 2.23001098632812 2.23001098632812 26.9300079345703 26.9300079345703 26.3899993896484 26.3899993896484 16.5500030517578 16.5500030517578 17.6999969482422 17.6999969482422 16.0699920654297 16.0699920654297 14.8300018310547 14.8300018310547 17.7999877929688 17.7999877929688 17.5700073242188 17.5700073242188 21.7100067138672 21.7100067138672 23.1000061035156 23.1000061035156 25.0899963378906 25.0899963378906 22.7699890136719 22.7699890136719 15.1900024414062 15.1900024414062 18.5600280761719 18.5600280761719 14.8299865722656 14.8299865722656 20.6900024414062 20.6900024414062 18.2300109863281 18.2300109863281 17.6699829101562 17.6699829101562 21.75 21.75 19.5699920654297 19.5699920654297 24.0599975585938
20.4099884033203 12.7199859619141 12.7199859619141 0 0 2.23001098632812 2.23001098632812 26.9300079345703 26.9300079345703 26.3899993896484 26.3899993896484 16.5500030517578 16.5500030517578 17.6999969482422 17.6999969482422 16.0699920654297 16.0699920654297 14.8300018310547 14.8300018310547 17.7999877929688 17.7999877929688 17.5700073242188 17.5700073242188 21.7100067138672 21.7100067138672 23.1000061035156 23.1000061035156 25.0899963378906 25.0899963378906 22.7699890136719 22.7699890136719 15.1900024414062 15.1900024414062 18.5600280761719 18.5600280761719 14.8299865722656 14.8299865722656 20.6900024414062 20.6900024414062 18.2300109863281 18.2300109863281 17.6699829101562 17.6699829101562 21.75 21.75 19.5699920654297 19.5699920654297 24.0599975585938
0 3.78001403808594 3.78001403808594 13.4599914550781 13.4599914550781 8.83999633789062 8.83999633789062 6.6300048828125 6.6300048828125 23.9100036621094 23.9100036621094 11.5799865722656 11.5799865722656 13.6599884033203 13.6599884033203 10.3600006103516 10.3600006103516 18.52001953125 18.52001953125 18.3300170898438 18.3300170898438 11.5899963378906 11.5899963378906 14.3699798583984 14.3699798583984 22.2000122070312 22.2000122070312 18.739990234375 18.739990234375 18.1799926757812 18.1799926757812 21 21 14.3200073242188 14.3200073242188 17.1100158691406 17.1100158691406 7.89999389648438 7.89999389648438 11.1199951171875 11.1199951171875 18.3900146484375 18.3900146484375 21.1799926757812 21.1799926757812 20.3199920654297 20.3199920654297 19.8999938964844
0 3.78001403808594 3.78001403808594 13.4599914550781 13.4599914550781 8.83999633789062 8.83999633789062 6.6300048828125 6.6300048828125 23.9100036621094 23.9100036621094 11.5799865722656 11.5799865722656 13.6599884033203 13.6599884033203 10.3600006103516 10.3600006103516 18.52001953125 18.52001953125 18.3300170898438 18.3300170898438 11.5899963378906 11.5899963378906 14.3699798583984 14.3699798583984 22.2000122070312 22.2000122070312 18.739990234375 18.739990234375 18.1799926757812 18.1799926757812 21 21 14.3200073242188 14.3200073242188 17.1100158691406 17.1100158691406 7.89999389648438 7.89999389648438 11.1199951171875 11.1199951171875 18.3900146484375 18.3900146484375 21.1799926757812 21.1799926757812 20.3199920654297 20.3199920654297 19.8999938964844
16.0999908447266 18.0800018310547 18.0800018310547 24.7100067138672 24.7100067138672 22.5399932861328 22.5399932861328 24.0399932861328 24.0399932861328 11.0399932861328 11.0399932861328 14.1900024414062 14.1900024414062 12.2599945068359 12.2599945068359 10.4100036621094 10.4100036621094 17.5700073242188 17.5700073242188 22.489990234375 22.489990234375 17.6399993896484 17.6399993896484 11.8800048828125 11.8800048828125 24.6600036621094 24.6600036621094 16.7700042724609 16.7700042724609 22.9000091552734 22.9000091552734 21.8800048828125 21.8800048828125 8.14999389648438 8.14999389648438 18.3600158691406 18.3600158691406 9.14999389648438 9.14999389648438 14.1900024414062 14.1900024414062 21.1000061035156 21.1000061035156 19.3800048828125 19.3800048828125 21.6099853515625 21.6099853515625 18.7599945068359
16.0999908447266 18.0800018310547 18.0800018310547 24.7100067138672 24.7100067138672 22.5399932861328 22.5399932861328 24.0399932861328 24.0399932861328 11.0399932861328 11.0399932861328 14.1900024414062 14.1900024414062 12.2599945068359 12.2599945068359 10.4100036621094 10.4100036621094 17.5700073242188 17.5700073242188 22.489990234375 22.489990234375 17.6399993896484 17.6399993896484 11.8800048828125 11.8800048828125 24.6600036621094 24.6600036621094 16.7700042724609 16.7700042724609 22.9000091552734 22.9000091552734 21.8800048828125 21.8800048828125 8.14999389648438 8.14999389648438 18.3600158691406 18.3600158691406 9.14999389648438 9.14999389648438 14.1900024414062 14.1900024414062 21.1000061035156 21.1000061035156 19.3800048828125 19.3800048828125 21.6099853515625 21.6099853515625 18.7599945068359
1.30999755859375 23.8400115966797 23.8400115966797 25.1000061035156 25.1000061035156 22.25 22.25 14.5699920654297 14.5699920654297 14.4700012207031 14.4700012207031 15.0399932861328 15.0399932861328 15.6200103759766 15.6200103759766 14.0500030517578 14.0500030517578 14.5299987792969 14.5299987792969 7.59999084472656 7.59999084472656 22.5499877929688 22.5499877929688 18.9799957275391 18.9799957275391 19.6399993896484 19.6399993896484 16.9299926757812 16.9299926757812 20.2499847412109 20.2499847412109 26.3300018310547 26.3300018310547 4.66000366210938 4.66000366210938 12.0900115966797 12.0900115966797 22.2000122070312 22.2000122070312 7.42999267578125 7.42999267578125 16.3899993896484 16.3899993896484 19.3099975585938 19.3099975585938 21.1299896240234 21.1299896240234 22.1199951171875
