Calibration/input/B/tree-height.asc
NCOLS 100 
NROWS 100 
XLLCORNER 450875.00012207 
YLLCORNER 5638445.00012207 
CELLSIZE 5 
NODATA_value -3.4e+38 
[rows 0 to 20 of 100, columns 0 to 45 of 100]
18.949981689453100 18.9499816894531 24.1900024414062 24.1900024414062 14.5599975585938 14.5599975585938 18.4600219726562 18.4600219726562 14.2999877929688 14.2999877929688 19.3300170898438 19.3300170898438 19.1500244140625 19.1500244140625 11.3900146484375 11.3900146484375 16.3600158691406 16.3600158691406 18.6700134277344 18.6700134277344 22.6199951171875 22.6199951171875 21.5400085449219 21.5400085449219 23.4900207519531 23.4900207519531 18.3099975585938 18.3099975585938 12.4200134277344 12.4200134277344 22.4700012207031 22.4700012207031 15.3800048828125 15.3800048828125 13.489990234375 13.489990234375 12.75 12.75 13.6499938964844 13.6499938964844 23.2300109863281 23.2300109863281 2.62002563476562 2.62002563476562 20.7999877929688 20.7999877929688
18.9499816894531 18.9499816894531 24.1900024414062 24.1900024414062 14.5599975585938 14.5599975585938 18.4600219726562 18.4600219726562 14.2999877929688 14.2999877929688 19.3300170898438 19.3300170898438 19.1500244140625 19.1500244140625 11.3900146484375 11.3900146484375 16.3600158691406 16.3600158691406 18.6700134277344 18.6700134277344 22.6199951171875 22.6199951171875 21.5400085449219 21.5400085449219 23.4900207519531 23.4900207519531 18.3099975585938 18.3099975585938 12.4200134277344 12.4200134277344 22.4700012207031 22.4700012207031 15.3800048828125 15.3800048828125 13.489990234375 13.489990234375 12.75 12.75 13.6499938964844 13.6499938964844 23.2300109863281 23.2300109863281 2.62002563476562 2.62002563476562 20.7999877929688 20.7999877929688
16.1700134277344 16.1700134277344 9.08001708984375 9.08001708984375 16.02001953125 16.02001953125 19.7900085449219 19.7900085449219 16.0599975585938 16.0599975585938 15.7899780273438 15.7899780273438 22.1199951171875 22.1199951171875 30.3600158691406 30.3600158691406 22.7799987792969 22.7799987792969 25.6000061035156 25.6000061035156 21.6100158691406 21.6100158691406 1.58999633789062 1.58999633789062 21.6599731445312 21.6599731445312 16.9400024414062 16.9400024414062 19.8200073242188 19.8200073242188 21.6499938964844 21.6499938964844 19.9199829101562 19.9199829101562 19.3699951171875 19.3699951171875 8.87002563476562 8.87002563476562 17.5399780273438 17.5399780273438 3.91000366210938 3.91000366210938 14.6999816894531 14.6999816894531 19.239990234375 19.239990234375
16.1700134277344 16.1700134277344 9.08001708984375 9.08001708984375 16.02001953125 16.02001953125 19.7900085449219 19.7900085449219 16.0599975585938 16.0599975585938 15.7899780273438 15.7899780273438 22.1199951171875 22.1199951171875 30.3600158691406 30.3600158691406 22.7799987792969 22.7799987792969 25.6000061035156 25.6000061035156 21.6100158691406 21.6100158691406 1.58999633789062 1.58999633789062 21.6599731445312 21.6599731445312 16.9400024414062 16.9400024414062 19.8200073242188 19.8200073242188 21.6499938964844 21.6499938964844 19.9199829101562 19.9199829101562 19.3699951171875 19.3699951171875 8.87002563476562 8.87002563476562 17.5399780273438 17.5399780273438 3.91000366210938 3.91000366210938 14.6999816894531 14.6999816894531 19.239990234375 19.239990234375
24.5899963378906 24.5899963378906 30.6099853515625 30.6099853515625 17.1199951171875 17.1199951171875 15.4100036621094 15.4100036621094 16.72998046875 16.72998046875 14.2099914550781 14.2099914550781 18.6199951171875 18.6199951171875 23.9500122070312 23.9500122070312 23.8899841308594 23.8899841308594 25.8099975585938 25.8099975585938 22.5899963378906 22.5899963378906 20.9400024414062 20.9400024414062 23.5799865722656 23.5799865722656 18.8399963378906 18.8399963378906 19.0599975585938 19.0599975585938 17.3800048828125 17.3800048828125 22.4400024414062 22.4400024414062 22.239990234375 22.239990234375 24.1399841308594 24.1399841308594 18.6000061035156 18.6000061035156 21.7000122070312 21.7000122070312 11.1399841308594 11.1399841308594 19.9800109863281 19.9800109863281
24.5899963378906 24.5899963378906 30.6099853515625 30.6099853515625 17.1199951171875 17.1199951171875 15.4100036621094 15.4100036621094 16.72998046875 16.72998046875 14.2099914550781 14.2099914550781 18.6199951171875 18.6199951171875 23.9500122070312 23.9500122070312 23.8899841308594 23.8899841308594 25.8099975585938 25.8099975585938 22.5899963378906 22.5899963378906 20.9400024414062 20.9400024414062 23.5799865722656 23.5799865722656 18.8399963378906 18.8399963378906 19.0599975585938 19.0599975585938 17.3800048828125 17.3800048828125 22.4400024414062 22.4400024414062 22.239990234375 22.239990234375 24.1399841308594 24.1399841308594 18.6000061035156 18.6000061035156 21.7000122070312 21.7000122070312 11.1399841308594 11.1399841308594 19.9800109863281 19.9800109863281
24.6199951171875 24.6199951171875 30.1499938964844 30.1499938964844 25.9599914550781 25.9599914550781 19.3099975585938 19.3099975585938 20.9700012207031 20.9700012207031 15.2200012207031 15.2200012207031 13.3800048828125 13.3800048828125 21.3899841308594 21.3899841308594 11.510009765625 11.510009765625 25.0899963378906 25.0899963378906 27.0500183105469 27.0500183105469 25.7899780273438 25.7899780273438 20.5500183105469 20.5500183105469 17.1199951171875 17.1199951171875 20.0500183105469 20.0500183105469 20.0199890136719 20.0199890136719 18.780029296875 18.780029296875 16.7900085449219 16.7900085449219 23.3699951171875 23.3699951171875 18.7599792480469 18.7599792480469 29.3999938964844 29.3999938964844 26.2900085449219 26.2900085449219 26.2899780273438 26.2899780273438
24.6199951171875 24.6199951171875 30.1499938964844 30.1499938964844 25.9599914550781 25.9599914550781 19.3099975585938 19.3099975585938 20.9700012207031 20.9700012207031 15.2200012207031 15.2200012207031 13.3800048828125 13.3800048828125 21.3899841308594 21.3899841308594 11.510009765625 11.510009765625 25.0899963378906 25.0899963378906 27.0500183105469 27.0500183105469 25.7899780273438 25.7899780273438 20.5500183105469 20.5500183105469 17.1199951171875 17.1199951171875 20.0500183105469 20.0500183105469 20.0199890136719 20.0199890136719 18.780029296875 18.780029296875 16.7900085449219 16.7900085449219 23.3699951171875 23.3699951171875 18.7599792480469 18.7599792480469 29.3999938964844 29.3999938964844 26.2900085449219 26.2900085449219 26.2899780273438 26.2899780273438
6.45001220703125 6.45001220703125 30.5700073242188 30.5700073242188 15.9599914550781 15.9599914550781 19.6199951171875 19.6199951171875 19.5399780273438 19.5399780273438 20.1000061035156 20.1000061035156 10.3499755859375 10.3499755859375 26.5299987792969 26.5299987792969 22.1799926757812 22.1799926757812 24.2200012207031 24.2200012207031 25.6400146484375 25.6400146484375 27.6400146484375 27.6400146484375 25.3999938964844 25.3999938964844 18.510009765625 18.510009765625 22.1700134277344 22.1700134277344 26.7000122070312 26.7000122070312 19.2999877929688 19.2999877929688 24.7099914550781 24.7099914550781 25.1099853515625 25.1099853515625 21.1399841308594 21.1399841308594 27.1800231933594 27.1800231933594 28.4000244140625 28.4000244140625 27.3800048828125 27.3800048828125
6.45001220703125 6.45001220703125 30.5700073242188 30.5700073242188 15.9599914550781 15.9599914550781 19.6199951171875 19.6199951171875 19.5399780273438 19.5399780273438 20.1000061035156 20.1000061035156 10.3499755859375 10.3499755859375 26.5299987792969 26.5299987792969 22.1799926757812 22.1799926757812 24.2200012207031 24.2200012207031 25.6400146484375 25.6400146484375 27.6400146484375 27.6400146484375 25.3999938964844 25.3999938964844 18.510009765625 18.510009765625 22.1700134277344 22.1700134277344 26.7000122070312 26.7000122070312 19.2999877929688 19.2999877929688 24.7099914550781 24.7099914550781 25.1099853515625 25.1099853515625 21.1399841308594 21.1399841308594 27.1800231933594 27.1800231933594 28.4000244140625 28.4000244140625 27.3800048828125 27.3800048828125
19.5799865722656 19.5799865722656 26.1000061035156 26.1000061035156 18.6300048828125 18.6300048828125 14.7799987792969 14.7799987792969 19.7699890136719 19.7699890136719 20.1499938964844 20.1499938964844 17.6900024414062 17.6900024414062 21.6300048828125 21.6300048828125 25.8800048828125 25.8800048828125 27.25 27.25 24.0599975585938 24.0599975585938 24.4200134277344 24.4200134277344 16.3800048828125 16.3800048828125 22.5400085449219 22.5400085449219 22.2899780273438 22.2899780273438 16.5 16.5 17.6900024414062 17.6900024414062 21.8500061035156 21.8500061035156 23.2799987792969 23.2799987792969 22.8000183105469 22.8000183105469 25.1299743652344 25.1299743652344 26.239990234375 26.239990234375 24.25 24.25
19.5799865722656 19.5799865722656 26.1000061035156 26.1000061035156 18.6300048828125 18.6300048828125 14.7799987792969 14.7799987792969 19.7699890136719 19.7699890136719 20.1499938964844 20.1499938964844 17.6900024414062 17.6900024414062 21.6300048828125 21.6300048828125 25.8800048828125 25.8800048828125 27.25 27.25 24.0599975585938 24.0599975585938 24.4200134277344 24.4200134277344 16.3800048828125 16.3800048828125 22.5400085449219 22.5400085449219 22.2899780273438 22.2899780273438 16.5 16.5 17.6900024414062 17.6900024414062 21.8500061035156 21.8500061035156 23.2799987792969 23.2799987792969 22.8000183105469 22.8000183105469 25.1299743652344 25.1299743652344 26.239990234375 26.239990234375 24.25 24.25
19.0899963378906 19.0899963378906 24.8099975585938 24.8099975585938 25.4400024414062 25.4400024414062 13.1399841308594 13.1399841308594 18.7000122070312 18.7000122070312 22.760009765625 22.760009765625 18.7799987792969 18.7799987792969 17.2799987792969 17.2799987792969 26.5899963378906 26.5899963378906 25.2799987792969 25.2799987792969 26.3500061035156 26.3500061035156 26.2400207519531 26.2400207519531 21.4500122070312 21.4500122070312 26.6199951171875 26.6199951171875 13.8399963378906 13.8399963378906 24.7799987792969 24.7799987792969 23.989990234375 23.989990234375 19 19 28.7999877929688 28.7999877929688 31.0499877929688 31.0499877929688 27.3599853515625 27.3599853515625 26.0499877929688 26.0499877929688 1.83999633789062 1.83999633789062
19.0899963378906 19.0899963378906 24.8099975585938 24.8099975585938 25.4400024414062 25.4400024414062 13.1399841308594 13.1399841308594 18.7000122070312 18.7000122070312 22.760009765625 22.760009765625 18.7799987792969 18.7799987792969 17.2799987792969 17.2799987792969 26.5899963378906 26.5899963378906 25.2799987792969 25.2799987792969 26.3500061035156 26.3500061035156 26.2400207519531 26.2400207519531 21.4500122070312 21.4500122070312 26.6199951171875 26.6199951171875 13.8399963378906 13.8399963378906 24.7799987792969 24.7799987792969 23.989990234375 23.989990234375 19 19 28.7999877929688 28.7999877929688 31.0499877929688 31.0499877929688 27.3599853515625 27.3599853515625 26.0499877929688 26.0499877929688 1.83999633789062 1.83999633789062
17.4000244140625 17.4000244140625 21.2999877929688 21.2999877929688 20.760009765625 20.760009765625 16.2300109863281 16.2300109863281 15.9399719238281 15.9399719238281 17.010009765625 17.010009765625 19.8099975585938 19.8099975585938 13.7100219726562 13.7100219726562 22.8399963378906 22.8399963378906 26.8300170898438 26.8300170898438 27.0899963378906 27.0899963378906 26.3099975585938 26.3099975585938 29.5700073242188 29.5700073242188 26.9599914550781 26.9599914550781 29.25 29.25 24.3999938964844 24.3999938964844 26.3300170898438 26.3300170898438 24.2099914550781 24.2099914550781 30.9200134277344 30.9200134277344 34.5700073242188 34.5700073242188 29.6599731445312 29.6599731445312 31.3100280761719 31.3100280761719 32.2200012207031 32.2200012207031
17.4000244140625 17.4000244140625 21.2999877929688 21.2999877929688 20.760009765625 20.760009765625 16.2300109863281 16.2300109863281 15.9399719238281 15.9399719238281 17.010009765625 17.010009765625 19.8099975585938 19.8099975585938 13.7100219726562 13.7100219726562 22.8399963378906 22.8399963378906 26.8300170898438 26.8300170898438 27.0899963378906 27.0899963378906 26.3099975585938 26.3099975585938 29.5700073242188 29.5700073242188 26.9599914550781 26.9599914550781 29.25 29.25 24.3999938964844 24.3999938964844 26.3300170898438 26.3300170898438 24.2099914550781 24.2099914550781 30.9200134277344 30.9200134277344 34.5700073242188 34.5700073242188 29.6599731445312 29.6599731445312 31.3100280761719 31.3100280761719 32.2200012207031 32.2200012207031
7.01998901367188 7.01998901367188 22.0399780273438 22.0399780273438 18.9199829101562 18.9199829101562 18.1900024414062 18.1900024414062 15 15 10.0199890136719 10.0199890136719 22.6000061035156 22.6000061035156 14.5800170898438 14.5800170898438 22.0900268554688 22.0900268554688 22.6899719238281 22.6899719238281 11.7900085449219 11.7900085449219 25.8599853515625 25.8599853515625 28.9099731445312 28.9099731445312 24.2900085449219 24.2900085449219 27.6199951171875 27.6199951171875 19.760009765625 19.760009765625 28.4500122070312 28.4500122070312 29.5299987792969 29.5299987792969 25.5600280761719 25.5600280761719 30.7900085449219 30.7900085449219 28.989990234375 28.989990234375 28.0700073242188 28.0700073242188 28.2900085449219 28.2900085449219
7.01998901367188 7.01998901367188 22.0399780273438 22.0399780273438 18.9199829101562 18.9199829101562 18.1900024414062 18.1900024414062 15 15 10.0199890136719 10.0199890136719 22.6000061035156 22.6000061035156 14.5800170898438 14.5800170898438 22.0900268554688 22.0900268554688 22.6899719238281 22.6899719238281 11.7900085449219 11.7900085449219 25.8599853515625 25.8599853515625 28.9099731445312 28.9099731445312 24.2900085449219 24.2900085449219 27.6199951171875 27.6199951171875 19.760009765625 19.760009765625 28.4500122070312 28.4500122070312 29.5299987792969 29.5299987792969 25.5600280761719 25.5600280761719 30.7900085449219 30.7900085449219 28.989990234375 28.989990234375 28.0700073242188 28.0700073242188 28.2900085449219 28.2900085449219
27.8800048828125 27.8800048828125 19.5 19.5 26.4199829101562 26.4199829101562 27.1300048828125 27.1300048828125 22.8099975585938 22.8099975585938 19.8200073242188 19.8200073242188 20.25 20.25 19.9900207519531 19.9900207519531 20.6299743652344 20.6299743652344 20.2999877929688 20.2999877929688 26.5700073242188 26.5700073242188 21.8199768066406 21.8199768066406 4.29998779296875 4.29998779296875 22.1100158691406 22.1100158691406 25.3300170898438 25.3300170898438 24.510009765625 24.510009765625 22.6100158691406 22.6100158691406 20.5799865722656 20.5799865722656 29.6199951171875 29.6199951171875 26.8500061035156 26.8500061035156 31.1200256347656 31.1200256347656 28.22998046875 28.22998046875 26.3000183105469 26.3000183105469
27.8800048828125 27.8800048828125 19.5 19.5 26.4199829101562 26.4199829101562 27.1300048828125 27.1300048828125 22.8099975585938 22.8099975585938 19.8200073242188 19.8200073242188 20.25 20.25 19.9900207519531 19.9900207519531 20.6299743652344 20.6299743652344 20.2999877929688 20.2999877929688 26.5700073242188 26.5700073242188 21.8199768066406 21.8199768066406 4.29998779296875 4.29998779296875 22.1100158691406 22.1100158691406 25.3300170898438 25.3300170898438 24.510009765625 24.510009765625 22.6100158691406 22.6100158691406 20.5799865722656 20.5799865722656 29.6199951171875 29.6199951171875 26.8500061035156 26.8500061035156 31.1200256347656 31.1200256347656 28.22998046875 28.22998046875 26.3000183105469 26.3000183105469
25.2799987792969 25.2799987792969 20.8300170898438 20.8300170898438 24.8099975585938 24.8099975585938 13.1400146484375 13.1400146484375 22.2899780273438 22.2899780273438 27.1499938964844 27.1499938964844 25.0299987792969 25.0299987792969 25.3800048828125 25.3800048828125 21.8999938964844 21.8999938964844 21.02001953125 21.02001953125 23.7799987792969 23.7799987792969 26.5299987792969 26.5299987792969 23.760009765625 23.760009765625 22.2900085449219 22.2900085449219 25.3000183105469 25.3000183105469 27.9700012207031 27.9700012207031 29.1300048828125 29.1300048828125 27.5199890136719 27.5199890136719 4.54000854492188 4.54000854492188 34.239990234375 34.239990234375 4.50997924804688 4.50997924804688 30.7300109863281 30.7300109863281 26.6799926757812 26.6799926757812
