Calibration/input/B/tree-height.asc
NCOLS 100 
NROWS 100 
XLLCORNER 450875.00012207 
YLLCORNER 5638445.00012207 
CELLSIZE 5 
NODATA_value -3.4e+38 
[rows 42 to 62 of 100, columns 0 to 45 of 100]
27.219970703125 27.219970703125 29.0299987792969 29.0299987792969 31.5199890136719 31.5199890136719 27.4299926757812 27.4299926757812 24.8400268554688 24.8400268554688 23.7099914550781 23.7099914550781 23.7599792480469 23.7599792480469 23.6999816894531 23.6999816894531 18.2699890136719 18.2699890136719 28.0800170898438 28.0800170898438 29.1499938964844 29.1499938964844 22.3999938964844 22.3999938964844 18.5699768066406 18.5699768066406 22.3900146484375 22.3900146484375 20.7900085449219 20.7900085449219 6.69000244140625 6.69000244140625 23.6300048828125 23.6300048828125 25.0400085449219 25.0400085449219 25.5 25.5 25.8299865722656 25.8299865722656 24.5 24.5 18.3300170898438 18.3300170898438 13.8399963378906 13.8399963378906
27.219970703125 27.219970703125 29.0299987792969 29.0299987792969 31.5199890136719 31.5199890136719 27.4299926757812 27.4299926757812 24.8400268554688 24.8400268554688 23.7099914550781 23.7099914550781 23.7599792480469 23.7599792480469 23.6999816894531 23.6999816894531 18.2699890136719 18.2699890136719 28.0800170898438 28.0800170898438 29.1499938964844 29.1499938964844 22.3999938964844 22.3999938964844 18.5699768066406 18.5699768066406 22.3900146484375 22.3900146484375 20.7900085449219 20.7900085449219 6.69000244140625 6.69000244140625 23.6300048828125 23.6300048828125 25.0400085449219 25.0400085449219 25.5 25.5 25.8299865722656 25.8299865722656 24.5 24.5 18.3300170898438 18.3300170898438 13.8399963378906 13.8399963378906
25.8900146484375 25.8900146484375 26.5299987792969 26.5299987792969 28.9100036621094 28.9100036621094 29.989990234375 29.989990234375 14.2799987792969 14.2799987792969 30.6300048828125 30.6300048828125 23.7200012207031 23.7200012207031 11.1800231933594 11.1800231933594 23.5899963378906 23.5899963378906 24.6499938964844 24.6499938964844 29.77001953125 29.77001953125 6.489990234375 6.489990234375 16.6700134277344 16.6700134277344 19.7699890136719 19.7699890136719 22.760009765625 22.760009765625 20.4299926757812 20.4299926757812 21.5399780273438 21.5399780273438 24.969970703125 24.969970703125 21.4100036621094 21.4100036621094 16.489990234375 16.489990234375 11.5499877929688 11.5499877929688 18.2100219726562 18.2100219726562 15.8299865722656 15.8299865722656
25.8900146484375 25.8900146484375 26.5299987792969 26.5299987792969 28.9100036621094 28.9100036621094 29.989990234375 29.989990234375 14.2799987792969 14.2799987792969 30.6300048828125 30.6300048828125 23.7200012207031 23.7200012207031 11.1800231933594 11.1800231933594 23.5899963378906 23.5899963378906 24.6499938964844 24.6499938964844 29.77001953125 29.77001953125 6.489990234375 6.489990234375 16.6700134277344 16.6700134277344 19.7699890136719 19.7699890136719 22.760009765625 22.760009765625 20.4299926757812 20.4299926757812 21.5399780273438 21.5399780273438 24.969970703125 24.969970703125 21.4100036621094 21.4100036621094 16.489990234375 16.489990234375 11.5499877929688 11.5499877929688 18.2100219726562 18.2100219726562 15.8299865722656 15.8299865722656
23.6400146484375 23.6400146484375 26.1500244140625 26.1500244140625 27.1499938964844 27.1499938964844 29.7999877929688 29.7999877929688 24.3200073242188 24.3200073242188 15.1300048828125 15.1300048828125 30.8099975585938 30.8099975585938 16.0800170898438 16.0800170898438 27.0299987792969 27.0299987792969 31.0499877929688 31.0499877929688 30.3900146484375 30.3900146484375 10.7900085449219 10.7900085449219 10.0199890136719 10.0199890136719 24.8500061035156 24.8500061035156 14.8700256347656 14.8700256347656 19.7200012207031 19.7200012207031 27.0399780273438 27.0399780273438 21.1100158691406 21.1100158691406 16.0500183105469 16.0500183105469 17.7799987792969 17.7799987792969 22.2899780273438 22.2899780273438 17.3399963378906 17.3399963378906 3.69000244140625 3.69000244140625
23.6400146484375 23.6400146484375 26.1500244140625 26.1500244140625 27.1499938964844 27.1499938964844 29.7999877929688 29.7999877929688 24.3200073242188 24.3200073242188 15.1300048828125 15.1300048828125 30.8099975585938 30.8099975585938 16.0800170898438 16.0800170898438 27.0299987792969 27.0299987792969 31.0499877929688 31.0499877929688 30.3900146484375 30.3900146484375 10.7900085449219 10.7900085449219 10.0199890136719 10.0199890136719 24.8500061035156 24.8500061035156 14.8700256347656 14.8700256347656 19.7200012207031 19.7200012207031 27.0399780273438 27.0399780273438 21.1100158691406 21.1100158691406 16.0500183105469 16.0500183105469 17.7799987792969 17.7799987792969 22.2899780273438 22.2899780273438 17.3399963378906 17.3399963378906 3.69000244140625 3.69000244140625
21.8299865722656 21.8299865722656 22.8300170898438 22.8300170898438 26.9800109863281 26.9800109863281 18.4700012207031 18.4700012207031 18.25 18.25 28.9400024414062 28.9400024414062 23.0700073242188 23.0700073242188 24.2099914550781 24.2099914550781 27.8500061035156 27.8500061035156 29.8399963378906 29.8399963378906 26.5899963378906 26.5899963378906 23.5500183105469 23.5500183105469 8.16998291015625 8.16998291015625 24.9599914550781 24.9599914550781 13.9099731445312 13.9099731445312 21.760009765625 21.760009765625 7.47000122070312 7.47000122070312 0 0 18.0299987792969 18.0299987792969 24.6699829101562 24.6699829101562 20.8099975585938 20.8099975585938 22.4199829101562 22.4199829101562 21.4199829101562 21.4199829101562
21.8299865722656 21.8299865722656 22.8300170898438 22.8300170898438 26.9800109863281 26.9800109863281 18.4700012207031 18.4700012207031 18.25 18.25 28.9400024414062 28.9400024414062 23.0700073242188 23.0700073242188 24.2099914550781 24.2099914550781 27.8500061035156 27.8500061035156 29.8399963378906 29.8399963378906 26.5899963378906 26.5899963378906 23.5500183105469 23.5500183105469 8.16998291015625 8.16998291015625 24.9599914550781 24.9599914550781 13.9099731445312 13.9099731445312 21.760009765625 21.760009765625 7.47000122070312 7.47000122070312 0 0 18.0299987792969 18.0299987792969 24.6699829101562 24.6699829101562 20.8099975585938 20.8099975585938 22.4199829101562 22.4199829101562 21.4199829101562 21.4199829101562
22.5400085449219 22.5400085449219 21.6199951171875 21.6199951171875 24.2699890136719 24.2699890136719 26.9700012207031 26.9700012207031 8.89999389648438 8.89999389648438 9.47000122070312 9.47000122070312 28.1499938964844 28.1499938964844 11.75 11.75 13.3200073242188 13.3200073242188 33.8300170898438 33.8300170898438 9.22000122070312 9.22000122070312 13.1600036621094 13.1600036621094 22.1000061035156 22.1000061035156 16.1400146484375 16.1400146484375 18.5 18.5 30.4400024414062 30.4400024414062 1.99002075195312 1.99002075195312 8.45999145507812 8.45999145507812 18.6800231933594 18.6800231933594 20.1700134277344 20.1700134277344 23.5599975585938 23.5599975585938 24.0899963378906 24.0899963378906 21.0399780273438 21.0399780273438
22.5400085449219 22.5400085449219 21.6199951171875 21.6199951171875 24.2699890136719 24.2699890136719 26.9700012207031 26.9700012207031 8.89999389648438 8.89999389648438 9.47000122070312 9.47000122070312 28.1499938964844 28.1499938964844 11.75 11.75 13.3200073242188 13.3200073242188 33.8300170898438 33.8300170898438 9.22000122070312 9.22000122070312 13.1600036621094 13.1600036621094 22.1000061035156 22.1000061035156 16.1400146484375 16.1400146484375 18.5 18.5 30.4400024414062 30.4400024414062 1.99002075195312 1.99002075195312 8.45999145507812 8.45999145507812 18.6800231933594 18.6800231933594 20.1700134277344 20.1700134277344 23.5599975585938 23.5599975585938 24.0899963378906 24.0899963378906 21.0399780273438 21.0399780273438
23.3899841308594 23.3899841308594 23.2300109863281 23.2300109863281 25.5700073242188 25.5700073242188 24.9100036621094 24.9100036621094 26.6199951171875 26.6199951171875 27.8399963378906 27.8399963378906 18.1500244140625 18.1500244140625 29.0400085449219 29.0400085449219 26.9099731445312 26.9099731445312 30.6700134277344 30.6700134277344 14.5700073242188 14.5700073242188 16.5 16.5 30.3900146484375 30.3900146484375 14.1799926757812 14.1799926757812 16.8699951171875 16.8699951171875 18.9599914550781 18.9599914550781 10.9400024414062 10.9400024414062 14.4800109863281 14.4800109863281 24.4800109863281 24.4800109863281 24.47998046875 24.47998046875 19.8700256347656 19.8700256347656 24.1000061035156 24.1000061035156 22.7099914550781 22.7099914550781
23.3899841308594 23.3899841308594 23.2300109863281 23.2300109863281 25.5700073242188 25.5700073242188 24.9100036621094 24.9100036621094 26.6199951171875 26.6199951171875 27.8399963378906 27.8399963378906 18.1500244140625 18.1500244140625 29.0400085449219 29.0400085449219 26.9099731445312 26.9099731445312 30.6700134277344 30.6700134277344 14.5700073242188 14.5700073242188 16.5 16.5 30.3900146484375 30.3900146484375 14.1799926757812 14.1799926757812 16.8699951171875 16.8699951171875 18.9599914550781 18.9599914550781 10.9400024414062 10.9400024414062 14.4800109863281 14.4800109863281 24.4800109863281 24.4800109863281 24.47998046875 24.47998046875 19.8700256347656 19.8700256347656 24.1000061035156 24.1000061035156 22.7099914550781 22.7099914550781
19.9800109863281 19.9800109863281 20.739990234375 20.739990234375 23.0399780273438 23.0399780273438 25.7000122070312 25.7000122070312 22.9200134277344 22.9200134277344 22.4299926757812 22.4299926757812 16.6400146484375 16.6400146484375 20.2300109863281 20.2300109863281 19.72998046875 19.72998046875 26.1499938964844 26.1499938964844 25.4800109863281 25.4800109863281 12.6799926757812 12.6799926757812 24.5299987792969 24.5299987792969 25.5599975585938 25.5599975585938 14.5400085449219 14.5400085449219 4.33999633789062 4.33999633789062 13.0600280761719 13.0600280761719 21.02001953125 21.02001953125 5.4000244140625 5.4000244140625 18.4800109863281 18.4800109863281 25.1599731445312 25.1599731445312 25.8099975585938 25.8099975585938 19.5399780273438 19.5399780273438
19.9800109863281 19.9800109863281 20.739990234375 20.739990234375 23.0399780273438 23.0399780273438 25.7000122070312 25.7000122070312 22.9200134277344 22.9200134277344 22.4299926757812 22.4299926757812 16.6400146484375 16.6400146484375 20.2300109863281 20.2300109863281 19.72998046875 19.72998046875 26.1499938964844 26.1499938964844 25.4800109863281 25.4800109863281 12.6799926757812 12.6799926757812 24.5299987792969 24.5299987792969 25.5599975585938 25.5599975585938 14.5400085449219 14.5400085449219 4.33999633789062 4.33999633789062 13.0600280761719 13.0600280761719 21.02001953125 21.02001953125 5.4000244140625 5.4000244140625 18.4800109863281 18.4800109863281 25.1599731445312 25.1599731445312 25.8099975585938 25.8099975585938 19.5399780273438 19.5399780273438
14.6499938964844 14.6499938964844 11.0599975585938 11.0599975585938 18.6100158691406 18.6100158691406 16.1300048828125 16.1300048828125 0.699981689453125 0.699981689453125 18.97998046875 18.97998046875 22.8399963378906 22.8399963378906 19.9599914550781 19.9599914550781 21.8999938964844 21.8999938964844 25.7000122070312 25.7000122070312 25.1700134277344 25.1700134277344 16.4600219726562 16.4600219726562 13.9400024414062 13.9400024414062 24.2400207519531 24.2400207519531 17.0499877929688 17.0499877929688 21.1499938964844 21.1499938964844 16.6399841308594 16.6399841308594 20.9800109863281 20.9800109863281 14.5299987792969 14.5299987792969 9.1099853515625 9.1099853515625 26.8399963378906 26.8399963378906 22.9400024414062 22.9400024414062 25 25
14.6499938964844 14.6499938964844 11.0599975585938 11.0599975585938 18.6100158691406 18.6100158691406 16.1300048828125 16.1300048828125 0.699981689453125 0.699981689453125 18.97998046875 18.97998046875 22.8399963378906 22.8399963378906 19.9599914550781 19.9599914550781 21.8999938964844 21.8999938964844 25.7000122070312 25.7000122070312 25.1700134277344 25.1700134277344 16.4600219726562 16.4600219726562 13.9400024414062 13.9400024414062 24.2400207519531 24.2400207519531 17.0499877929688 17.0499877929688 21.1499938964844 21.1499938964844 16.6399841308594 16.6399841308594 20.9800109863281 20.9800109863281 14.5299987792969 14.5299987792969 9.1099853515625 9.1099853515625 26.8399963378906 26.8399963378906 22.9400024414062 22.9400024414062 25 25
15.8699951171875 15.8699951171875 16.1700134277344 16.1700134277344 15.1000061035156 15.1000061035156 22.6299743652344 22.6299743652344 14.7999877929688 14.7999877929688 15.739990234375 15.739990234375 24.1300048828125 24.1300048828125 9.97998046875 9.97998046875 12.6799926757812 12.6799926757812 3.8699951171875 3.8699951171875 19.7799987792969 19.7799987792969 15.8299865722656 15.8299865722656 15.27001953125 15.27001953125 14.6799926757812 14.6799926757812 19.22998046875 19.22998046875 20.8099975585938 20.8099975585938 20.3099975585938 20.3099975585938 21.0500183105469 21.0500183105469 17.5500183105469 17.5500183105469 16.9599914550781 16.9599914550781 20.6900024414062 20.6900024414062 20 20 22.9200134277344 22.9200134277344
15.8699951171875 15.8699951171875 16.1700134277344 16.1700134277344 15.1000061035156 15.1000061035156 22.6299743652344 22.6299743652344 14.7999877929688 14.7999877929688 15.739990234375 15.739990234375 24.1300048828125 24.1300048828125 9.97998046875 9.97998046875 12.6799926757812 12.6799926757812 3.8699951171875 3.8699951171875 19.7799987792969 19.7799987792969 15.8299865722656 15.8299865722656 15.27001953125 15.27001953125 14.6799926757812 14.6799926757812 19.22998046875 19.22998046875 20.8099975585938 20.8099975585938 20.3099975585938 20.3099975585938 21.0500183105469 21.0500183105469 17.5500183105469 17.5500183105469 16.9599914550781 16.9599914550781 20.6900024414062 20.6900024414062 20 20 22.9200134277344 22.9200134277344
12.2099914550781 12.2099914550781 21.3099975585938 21.3099975585938 13.75 13.75 20.6000061035156 20.6000061035156 23.7599792480469 23.7599792480469 11.6199951171875 11.6199951171875 19.22998046875 19.22998046875 18.6800231933594 18.6800231933594 22.1199951171875 22.1199951171875 17.7200012207031 17.7200012207031 15.1799926757812 15.1799926757812 18.2900085449219 18.2900085449219 17.0599975585938 17.0599975585938 24.1199951171875 24.1199951171875 19.1800231933594 19.1800231933594 22.3200073242188 22.3200073242188 17.9800109863281 17.9800109863281 19.2799987792969 19.2799987792969 20.5 20.5 20.0400085449219 20.0400085449219 20.2599792480469 20.2599792480469 19.3099975585938 19.3099975585938 25.6100158691406 25.6100158691406
12.2099914550781 12.2099914550781 21.3099975585938 21.3099975585938 13.75 13.75 20.6000061035156 20.6000061035156 23.7599792480469 23.7599792480469 11.6199951171875 11.6199951171875 19.22998046875 19.22998046875 18.6800231933594 18.6800231933594 22.1199951171875 22.1199951171875 17.7200012207031 17.7200012207031 15.1799926757812 15.1799926757812 18.2900085449219 18.2900085449219 17.0599975585938 17.0599975585938 24.1199951171875 24.1199951171875 19.1800231933594 19.1800231933594 22.3200073242188 22.3200073242188 17.9800109863281 17.9800109863281 19.2799987792969 19.2799987792969 20.5 20.5 20.0400085449219 20.0400085449219 20.2599792480469 20.2599792480469 19.3099975585938 19.3099975585938 25.6100158691406 25.6100158691406
16.6999816894531 16.6999816894531 20.1900024414062 20.1900024414062 20.6299743652344 20.6299743652344 20.3999938964844 20.3999938964844 20.8099975585938 20.8099975585938 24.6399841308594 24.6399841308594 24.510009765625 24.510009765625 21.6799926757812 21.6799926757812 23.2699890136719 23.2699890136719 20.4500122070312 20.4500122070312 22.6300048828125 22.6300048828125 13.9299926757812 13.9299926757812 2.58999633789062 2.58999633789062 17.9199829101562 17.9199829101562 16.010009765625 16.010009765625 23.2099914550781 23.2099914550781 20.9299926757812 20.9299926757812 11.9700012207031 11.9700012207031 25.4500122070312 25.4500122070312 22.2599792480469 22.2599792480469 19.6699829101562 19.6699829101562 16.9400024414062 16.9400024414062 24.4400024414062 24.4400024414062
