Calibration/input/B/tree-height.asc
NCOLS 100 
NROWS 100 
XLLCORNER 450875.00012207 
YLLCORNER 5638445.00012207 
CELLSIZE 5 
NODATA_value -3.4e+38 
[rows 0 to 20 of 100, columns 46 to 91 of 100]
18.2000122070312 18.2000122070312 19.4800109863281 19.4800109863281 19.1499938964844 19.1499938964844 20.9299926757812 20.9299926757812 20.6499938964844 20.6499938964844 18.9400024414062 18.9400024414062 22.3599853515625 22.3599853515625 28.1600036621094 28.1600036621094 21.4600219726562 21.4600219726562 19 19 25.4800109863281 25.4800109863281 14.9599914550781 14.9599914550781 16.0099792480469 16.0099792480469 16.3099975585938 16.3099975585938 11.239990234375 11.239990234375 15.3799743652344 15.3799743652344 8.55999755859375 8.55999755859375 16.4700012207031 16.4700012207031 4.989990234375 4.989990234375 6.94998168945312 6.94998168945312 13.1699829101562 13.1699829101562 18.6700134277344 18.6700134277344 10.8600158691406 10.8600158691406
18.2000122070312 18.2000122070312 19.4800109863281 19.4800109863281 19.1499938964844 19.1499938964844 20.9299926757812 20.9299926757812 20.6499938964844 20.6499938964844 18.9400024414062 18.9400024414062 22.3599853515625 22.3599853515625 28.1600036621094 28.1600036621094 21.4600219726562 21.4600219726562 19 19 25.4800109863281 25.4800109863281 14.9599914550781 14.9599914550781 16.0099792480469 16.0099792480469 16.3099975585938 16.3099975585938 11.239990234375 11.239990234375 15.3799743652344 15.3799743652344 8.55999755859375 8.55999755859375 16.4700012207031 16.4700012207031 4.989990234375 4.989990234375 6.94998168945312 6.94998168945312 13.1699829101562 13.1699829101562 18.6700134277344 18.6700134277344 10.8600158691406 10.8600158691406
17.7900085449219 17.7900085449219 21.989990234375 21.989990234375 26.5699768066406 26.5699768066406 18.260009765625 18.260009765625 19.8400268554688 19.8400268554688 18.6099853515625 18.6099853515625 24.0199890136719 24.0199890136719 25.8200073242188 25.8200073242188 20.6799926757812 20.6799926757812 22.0099792480469 22.0099792480469 19.0599975585938 19.0599975585938 14.9700012207031 14.9700012207031 20.0899963378906 20.0899963378906 21.5199890136719 21.5199890136719 16.2999877929688 16.2999877929688 2.739990234375 2.739990234375 10.3500061035156 10.3500061035156 12.7900085449219 12.7900085449219 0.459991455078125 0.459991455078125 11.010009765625 11.010009765625 17.4200134277344 17.4200134277344 5.97000122070312 5.97000122070312 32.510009765625 32.510009765625
17.7900085449219 17.7900085449219 21.989990234375 21.989990234375 26.5699768066406 26.5699768066406 18.260009765625 18.260009765625 19.8400268554688 19.8400268554688 18.6099853515625 18.6099853515625 24.0199890136719 24.0199890136719 25.8200073242188 25.8200073242188 20.6799926757812 20.6799926757812 22.0099792480469 22.0099792480469 19.0599975585938 19.0599975585938 14.9700012207031 14.9700012207031 20.0899963378906 20.0899963378906 21.5199890136719 21.5199890136719 16.2999877929688 16.2999877929688 2.739990234375 2.739990234375 10.3500061035156 10.3500061035156 12.7900085449219 12.7900085449219 0.459991455078125 0.459991455078125 11.010009765625 11.010009765625 17.4200134277344 17.4200134277344 5.97000122070312 5.97000122070312 32.510009765625 32.510009765625
20.25 20.25 19.4100036621094 19.4100036621094 22.3299865722656 22.3299865722656 20.7899780273438 20.7899780273438 28.8999938964844 28.8999938964844 23.8999938964844 23.8999938964844 24.6099853515625 24.6099853515625 22.0700073242188 22.0700073242188 17.4400024414062 17.4400024414062 15.1499938964844 15.1499938964844 9.41000366210938 9.41000366210938 10.7900085449219 10.7900085449219 15.8399963378906 15.8399963378906 21.4400024414062 21.4400024414062 16.1900024414062 16.1900024414062 17.7599792480469 17.7599792480469 15.8899841308594 15.8899841308594 0.709991455078125 0.709991455078125 17.5099792480469 17.5099792480469 14.8999938964844 14.8999938964844 1.5 1.5 5.64999389648438 5.64999389648438 5.02999877929688 5.02999877929688
20.25 20.25 19.4100036621094 19.4100036621094 22.3299865722656 22.3299865722656 20.7899780273438 20.7899780273438 28.8999938964844 28.8999938964844 23.8999938964844 23.8999938964844 24.6099853515625 24.6099853515625 22.0700073242188 22.0700073242188 17.4400024414062 17.4400024414062 15.1499938964844 15.1499938964844 9.41000366210938 9.41000366210938 10.7900085449219 10.7900085449219 15.8399963378906 15.8399963378906 21.4400024414062 21.4400024414062 16.1900024414062 16.1900024414062 17.7599792480469 17.7599792480469 15.8899841308594 15.8899841308594 0.709991455078125 0.709991455078125 17.5099792480469 17.5099792480469 14.8999938964844 14.8999938964844 1.5 1.5 5.64999389648438 5.64999389648438 5.02999877929688 5.02999877929688
18.75 18.75 25.47998046875 25.47998046875 24.2400207519531 24.2400207519531 26.3800048828125 26.3800048828125 16.8300170898438 16.8300170898438 18.9800109863281 18.9800109863281 23.8200073242188 23.8200073242188 18.2099914550781 18.2099914550781 14.8899841308594 14.8899841308594 18.4199829101562 18.4199829101562 13.7599792480469 13.7599792480469 12.0799865722656 12.0799865722656 15.6399841308594 15.6399841308594 2.3800048828125 2.3800048828125 15.7200012207031 15.7200012207031 19.1800231933594 19.1800231933594 15.27001953125 15.27001953125 11.0799865722656 11.0799865722656 14.3200073242188 14.3200073242188 13.2000122070312 13.2000122070312 0 0 11.0899963378906 11.0899963378906 19.3899841308594 19.3899841308594
18.75 18.75 25.47998046875 25.47998046875 24.2400207519531 24.2400207519531 26.3800048828125 26.3800048828125 16.8300170898438 16.8300170898438 18.9800109863281 18.9800109863281 23.8200073242188 23.8200073242188 18.2099914550781 18.2099914550781 14.8899841308594 14.8899841308594 18.4199829101562 18.4199829101562 13.7599792480469 13.7599792480469 12.0799865722656 12.0799865722656 15.6399841308594 15.6399841308594 2.3800048828125 2.3800048828125 15.7200012207031 15.7200012207031 19.1800231933594 19.1800231933594 15.27001953125 15.27001953125 11.0799865722656 11.0799865722656 14.3200073242188 14.3200073242188 13.2000122070312 13.2000122070312 0 0 11.0899963378906 11.0899963378906 19.3899841308594 19.3899841308594
15.6299743652344 15.6299743652344 24.4900207519531 24.4900207519531 26.0899963378906 26.0899963378906 17.0500183105469 17.0500183105469 26.9100036621094 26.9100036621094 18.9400024414062 18.9400024414062 18.8899841308594 18.8899841308594 16.8399963378906 16.8399963378906 15.4199829101562 15.4199829101562 19.8999938964844 19.8999938964844 14.1100158691406 14.1100158691406 16.2099914550781 16.2099914550781 3.45999145507812 3.45999145507812 12.2100219726562 12.2100219726562 12.9299926757812 12.9299926757812 15.6899719238281 15.6899719238281 19.8399963378906 19.8399963378906 23.8900146484375 23.8900146484375 22.3400268554688 22.3400268554688 28.9800109863281 28.9800109863281 32.7200012207031 32.7200012207031 9 9 15.1199951171875 15.1199951171875
15.6299743652344 15.6299743652344 24.4900207519531 24.4900207519531 26.0899963378906 26.0899963378906 17.0500183105469 17.0500183105469 26.9100036621094 26.9100036621094 18.9400024414062 18.9400024414062 18.8899841308594 18.8899841308594 16.8399963378906 16.8399963378906 15.4199829101562 15.4199829101562 19.8999938964844 19.8999938964844 14.1100158691406 14.1100158691406 16.2099914550781 16.2099914550781 3.45999145507812 3.45999145507812 12.2100219726562 12.2100219726562 12.9299926757812 12.9299926757812 15.6899719238281 15.6899719238281 19.8399963378906 19.8399963378906 23.8900146484375 23.8900146484375 22.3400268554688 22.3400268554688 28.9800109863281 28.9800109863281 32.7200012207031 32.7200012207031 9 9 15.1199951171875 15.1199951171875
26.5400085449219 26.5400085449219 31.0700073242188 31.0700073242188 23.9900207519531 23.9900207519531 21.6600036621094 21.6600036621094 23.5799865722656 23.5799865722656 22.4199829101562 22.4199829101562 20.8299865722656 20.8299865722656 19.2000122070312 19.2000122070312 20.9300231933594 20.9300231933594 20.2900085449219 20.2900085449219 18.9400024414062 18.9400024414062 12.8699951171875 12.8699951171875 13.6900024414062 13.6900024414062 9.8900146484375 9.8900146484375 23.2799987792969 23.2799987792969 11.8899841308594 11.8899841308594 3.8599853515625 3.8599853515625 23.6699829101562 23.6699829101562 24.5499877929688 24.5499877929688 25.5199890136719 25.5199890136719 23.6799926757812 23.6799926757812 13.9600219726562 13.9600219726562 17.1400146484375 17.1400146484375
26.5400085449219 26.5400085449219 31.0700073242188 31.0700073242188 23.9900207519531 23.9900207519531 21.6600036621094 21.6600036621094 23.5799865722656 23.5799865722656 22.4199829101562 22.4199829101562 20.8299865722656 20.8299865722656 19.2000122070312 19.2000122070312 20.9300231933594 20.9300231933594 20.2900085449219 20.2900085449219 18.9400024414062 18.9400024414062 12.8699951171875 12.8699951171875 13.6900024414062 13.6900024414062 9.8900146484375 9.8900146484375 23.2799987792969 23.2799987792969 11.8899841308594 11.8899841308594 3.8599853515625 3.8599853515625 23.6699829101562 23.6699829101562 24.5499877929688 24.5499877929688 25.5199890136719 25.5199890136719 23.6799926757812 23.6799926757812 13.9600219726562 13.9600219726562 17.1400146484375 17.1400146484375
24.4399719238281 24.4399719238281 22.4000244140625 22.4000244140625 22.7699890136719 22.7699890136719 22.2300109863281 22.2300109863281 21.0400085449219 21.0400085449219 18.8999938964844 18.8999938964844 18.4500122070312 18.4500122070312 16.7899780273438 16.7899780273438 19.7099914550781 19.7099914550781 17.9100036621094 17.9100036621094 20.72998046875 20.72998046875 13.3600158691406 13.3600158691406 22.4700012207031 22.4700012207031 21.8800048828125 21.8800048828125 0 0 18.8899841308594 18.8899841308594 21.27001953125 21.27001953125 23.4400024414062 23.4400024414062 23.5899963378906 23.5899963378906 28.2599792480469 28.2599792480469 24.4599914550781 24.4599914550781 15.4100036621094 15.4100036621094 24.5899963378906 24.5899963378906
24.4399719238281 24.4399719238281 22.4000244140625 22.4000244140625 22.7699890136719 22.7699890136719 22.2300109863281 22.2300109863281 21.0400085449219 21.0400085449219 18.8999938964844 18.8999938964844 18.4500122070312 18.4500122070312 16.7899780273438 16.7899780273438 19.7099914550781 19.7099914550781 17.9100036621094 17.9100036621094 20.72998046875 20.72998046875 13.3600158691406 13.3600158691406 22.4700012207031 22.4700012207031 21.8800048828125 21.8800048828125 0 0 18.8899841308594 18.8899841308594 21.27001953125 21.27001953125 23.4400024414062 23.4400024414062 23.5899963378906 23.5899963378906 28.2599792480469 28.2599792480469 24.4599914550781 24.4599914550781 15.4100036621094 15.4100036621094 24.5899963378906 24.5899963378906
24.3500061035156 24.3500061035156 15.9200134277344 15.9200134277344 16.0599975585938 16.0599975585938 20.3200073242188 20.3200073242188 16.1799926757812 16.1799926757812 15.4599914550781 15.4599914550781 16.25 16.25 14.7000122070312 14.7000122070312 18.6000061035156 18.6000061035156 19.9100036621094 19.9100036621094 18.5899963378906 18.5899963378906 22.3099975585938 22.3099975585938 15.9800109863281 15.9800109863281 20.8300170898438 20.8300170898438 26.0999755859375 26.0999755859375 21.4599914550781 21.4599914550781 22.2200012207031 22.2200012207031 23.0400085449219 23.0400085449219 29.5299987792969 29.5299987792969 25.9000244140625 25.9000244140625 20.8800048828125 20.8800048828125 25.9100036621094 25.9100036621094 22.5500183105469 22.5500183105469
24.3500061035156 24.3500061035156 15.9200134277344 15.9200134277344 16.0599975585938 16.0599975585938 20.3200073242188 20.3200073242188 16.1799926757812 16.1799926757812 15.4599914550781 15.4599914550781 16.25 16.25 14.7000122070312 14.7000122070312 18.6000061035156 18.6000061035156 19.9100036621094 19.9100036621094 18.5899963378906 18.5899963378906 22.3099975585938 22.3099975585938 15.9800109863281 15.9800109863281 20.8300170898438 20.8300170898438 26.0999755859375 26.0999755859375 21.4599914550781 21.4599914550781 22.2200012207031 22.2200012207031 23.0400085449219 23.0400085449219 29.5299987792969 29.5299987792969 25.9000244140625 25.9000244140625 20.8800048828125 20.8800048828125 25.9100036621094 25.9100036621094 22.5500183105469 22.5500183105469
20.6300048828125 20.6300048828125 10.1499938964844 10.1499938964844 19.5500183105469 19.5500183105469 19.0199890136719 19.0199890136719 12.0199890136719 12.0199890136719 15.97998046875 15.97998046875 14.2799987792969 14.2799987792969 15.3500061035156 15.3500061035156 27.4400024414062 27.4400024414062 16.1400146484375 16.1400146484375 22.0800170898438 22.0800170898438 24.5299987792969 24.5299987792969 24.27001953125 24.27001953125 21.75 21.75 23.239990234375 23.239990234375 22.0500183105469 22.0500183105469 27.0299987792969 27.0299987792969 27.5499877929688 27.5499877929688 22.1800231933594 22.1800231933594 25.3500061035156 25.3500061035156 24.1399841308594 24.1399841308594 27.3899841308594 27.3899841308594 27.4299926757812 27.4299926757812
20.6300048828125 20.6300048828125 10.1499938964844 10.1499938964844 19.5500183105469 19.5500183105469 19.0199890136719 19.0199890136719 12.0199890136719 12.0199890136719 15.97998046875 15.97998046875 14.2799987792969 14.2799987792969 15.3500061035156 15.3500061035156 27.4400024414062 27.4400024414062 16.1400146484375 16.1400146484375 22.0800170898438 22.0800170898438 24.5299987792969 24.5299987792969 24.27001953125 24.27001953125 21.75 21.75 23.239990234375 23.239990234375 22.0500183105469 22.0500183105469 27.0299987792969 27.0299987792969 27.5499877929688 27.5499877929688 22.1800231933594 22.1800231933594 25.3500061035156 25.3500061035156 24.1399841308594 24.1399841308594 27.3899841308594 27.3899841308594 27.4299926757812 27.4299926757812
24.0599975585938 24.0599975585938 23.8600158691406 23.8600158691406 14.1999816894531 14.1999816894531 18.9800109863281 18.9800109863281 21.5800170898438 21.5800170898438 21.0299987792969 21.0299987792969 22.6499938964844 22.6499938964844 19.489990234375 19.489990234375 21.3099975585938 21.3099975585938 24.8599853515625 24.8599853515625 25.47998046875 25.47998046875 24.9400024414062 24.9400024414062 32.4400024414062 32.4400024414062 24.8500061035156 24.8500061035156 25.6499938964844 25.6499938964844 24.0600280761719 24.0600280761719 25.8800048828125 25.8800048828125 21.6300048828125 21.6300048828125 26.3099975585938 26.3099975585938 30.510009765625 30.510009765625 22.8499755859375 22.8499755859375 24.4599914550781 24.4599914550781 21.9199829101562 21.9199829101562
24.0599975585938 24.0599975585938 23.8600158691406 23.8600158691406 14.1999816894531 14.1999816894531 18.9800109863281 18.9800109863281 21.5800170898438 21.5800170898438 21.0299987792969 21.0299987792969 22.6499938964844 22.6499938964844 19.489990234375 19.489990234375 21.3099975585938 21.3099975585938 24.8599853515625 24.8599853515625 25.47998046875 25.47998046875 24.9400024414062 24.9400024414062 32.4400024414062 32.4400024414062 24.8500061035156 24.8500061035156 25.6499938964844 25.6499938964844 24.0600280761719 24.0600280761719 25.8800048828125 25.8800048828125 21.6300048828125 21.6300048828125 26.3099975585938 26.3099975585938 30.510009765625 30.510009765625 22.8499755859375 22.8499755859375 24.4599914550781 24.4599914550781 21.9199829101562 21.9199829101562
23.8299865722656 23.8299865722656 21.0299987792969 21.0299987792969 19.5699768066406 19.5699768066406 17.760009765625 17.760009765625 21.9900207519531 21.9900207519531 22 22 15.9199829101562 15.9199829101562 22.25 22.25 24.4299926757812 24.4299926757812 26.3300170898438 26.3300170898438 22.9900207519531 22.9900207519531 26.4299926757812 26.4299926757812 30.7699890136719 30.7699890136719 28.1800231933594 28.1800231933594 29.4800109863281 29.4800109863281 18.1000061035156 18.1000061035156 19.6799926757812 19.6799926757812 22.7000122070312 22.7000122070312 22.4400024414062 22.4400024414062 23.7900085449219 23.7900085449219 21.3400268554688 21.3400268554688 21.9400024414062 21.9400024414062 19.0499877929688 19.0499877929688
