Calibration/input/B/tree-height.asc
NCOLS 100 
NROWS 100 
XLLCORNER 450875.00012207 
YLLCORNER 5638445.00012207 
CELLSIZE 5 
NODATA_value -3.4e+38 
[rows 63 to 83 of 100, columns 0 to 45 of 100]
16.6999816894531 16.6999816894531 20.1900024414062 20.1900024414062 20.6299743652344 20.6299743652344 20.3999938964844 20.3999938964844 20.8099975585938 20.8099975585938 24.6399841308594 24.6399841308594 24.510009765625 24.510009765625 21.6799926757812 21.6799926757812 23.2699890136719 23.2699890136719 20.4500122070312 20.4500122070312 22.6300048828125 22.6300048828125 13.9299926757812 13.9299926757812 2.58999633789062 2.58999633789062 17.9199829101562 17.9199829101562 16.010009765625 16.010009765625 23.2099914550781 23.2099914550781 20.9299926757812 20.9299926757812 11.9700012207031 11.9700012207031 25.4500122070312 25.4500122070312 22.2599792480469 22.2599792480469 19.6699829101562 19.6699829101562 16.9400024414062 16.9400024414062 24.4400024414062 24.4400024414062
20.6099853515625 20.6099853515625 19.47998046875 19.47998046875 16.1000061035156 16.1000061035156 22.8500061035156 22.8500061035156 12.7799987792969 12.7799987792969 19.1699829101562 19.1699829101562 24.3800048828125 24.3800048828125 22.0499877929688 22.0499877929688 5.76998901367188 5.76998901367188 17.7400207519531 17.7400207519531 19.2900085449219 19.2900085449219 18.9400024414062 18.9400024414062 17.8099975585938 17.8099975585938 18.1900024414062 18.1900024414062 29.0399780273438 29.0399780273438 19.3900146484375 19.3900146484375 10.7799987792969 10.7799987792969 19.5899963378906 19.5899963378906 13.5899963378906 13.5899963378906 20.6000061035156 20.6000061035156 28.2300109863281 28.2300109863281 20.9299926757812 20.9299926757812 28.4299926757812 28.4299926757812
20.6099853515625 20.6099853515625 19.47998046875 19.47998046875 16.1000061035156 16.1000061035156 22.8500061035156 22.8500061035156 12.7799987792969 12.7799987792969 19.1699829101562 19.1699829101562 24.3800048828125 24.3800048828125 22.0499877929688 22.0499877929688 5.76998901367188 5.76998901367188 17.7400207519531 17.7400207519531 19.2900085449219 19.2900085449219 18.9400024414062 18.9400024414062 17.8099975585938 17.8099975585938 18.1900024414062 18.1900024414062 29.0399780273438 29.0399780273438 19.3900146484375 19.3900146484375 10.7799987792969 10.7799987792969 19.5899963378906 19.5899963378906 13.5899963378906 13.5899963378906 20.6000061035156 20.6000061035156 28.2300109863281 28.2300109863281 20.9299926757812 20.9299926757812 28.4299926757812 28.4299926757812
3.88998413085938 3.88998413085938 14.6799926757812 14.6799926757812 18.5299987792969 18.5299987792969 18.1900024414062 18.1900024414062 18 18 13.7599792480469 13.7599792480469 18.7900085449219 18.7900085449219 10.5599975585938 10.5599975585938 20.97998046875 20.97998046875 13.3200073242188 13.3200073242188 15.3400268554688 15.3400268554688 12.9800109863281 12.9800109863281 17.0399780273438 17.0399780273438 23.4800109863281 23.4800109863281 16.8299865722656 16.8299865722656 8.40997314453125 8.40997314453125 28.0299987792969 28.0299987792969 8.37002563476562 8.37002563476562 11.3699951171875 11.3699951171875 18.8199768066406 18.8199768066406 20.9499816894531 20.9499816894531 32.0299987792969 32.0299987792969 19.3500061035156 19.3500061035156
3.88998413085938 3.88998413085938 14.6799926757812 14.6799926757812 18.5299987792969 18.5299987792969 18.1900024414062 18.1900024414062 18 18 13.7599792480469 13.7599792480469 18.7900085449219 18.7900085449219 10.5599975585938 10.5599975585938 20.97998046875 20.97998046875 13.3200073242188 13.3200073242188 15.3400268554688 15.3400268554688 12.9800109863281 12.9800109863281 17.0399780273438 17.0399780273438 23.4800109863281 23.4800109863281 16.8299865722656 16.8299865722656 8.40997314453125 8.40997314453125 28.0299987792969 28.0299987792969 8.37002563476562 8.37002563476562 11.3699951171875 11.3699951171875 18.8199768066406 18.8199768066406 20.9499816894531 20.9499816894531 32.0299987792969 32.0299987792969 19.3500061035156 19.3500061035156
15.1900024414062 15.1900024414062 16.0700073242188 16.0700073242188 13.4700012207031 13.4700012207031 18.5 18.5 19.77001953125 19.77001953125 17.510009765625 17.510009765625 16.7999877929688 16.7999877929688 16.1799926757812 16.1799926757812 7.06997680664062 7.06997680664062 17.0599975585938 17.0599975585938 7.98001098632812 7.98001098632812 15.0799865722656 15.0799865722656 14.6199951171875 14.6199951171875 12.6900024414062 12.6900024414062 23.1499938964844 23.1499938964844 17.0499877929688 17.0499877929688 20.2200012207031 20.2200012207031 13 13 20.010009765625 20.010009765625 20.5 20.5 18.7699890136719 18.7699890136719 24.9199829101562 24.9199829101562 15.1399841308594 15.1399841308594
15.1900024414062 15.1900024414062 16.0700073242188 16.0700073242188 13.4700012207031 13.4700012207031 18.5 18.5 19.77001953125 19.77001953125 17.510009765625 17.510009765625 16.7999877929688 16.7999877929688 16.1799926757812 16.1799926757812 7.06997680664062 7.06997680664062 17.0599975585938 17.0599975585938 7.98001098632812 7.98001098632812 15.0799865722656 15.0799865722656 14.6199951171875 14.6199951171875 12.6900024414062 12.6900024414062 23.1499938964844 23.1499938964844 17.0499877929688 17.0499877929688 20.2200012207031 20.2200012207031 13 13 20.010009765625 20.010009765625 20.5 20.5 18.7699890136719 18.7699890136719 24.9199829101562 24.9199829101562 15.1399841308594 15.1399841308594
16.4800109863281 16.4800109863281 1.01998901367188 1.01998901367188 10.8300170898438 10.8300170898438 6.14999389648438 6.14999389648438 13.7100219726562 13.7100219726562 20.6600036621094 20.6600036621094 11.5299987792969 11.5299987792969 8.8699951171875 8.8699951171875 12.3699951171875 12.3699951171875 15.9100036621094 15.9100036621094 11.3399963378906 11.3399963378906 14.0899963378906 14.0899963378906 11.8899841308594 11.8899841308594 15.5499877929688 15.5499877929688 15.6399841308594 15.6399841308594 14.1900024414062 14.1900024414062 14.5899963378906 14.5899963378906 18.3299865722656 18.3299865722656 20.1300048828125 20.1300048828125 19.9500122070312 19.9500122070312 11.760009765625 11.760009765625 19.2300109863281 19.2300109863281 18.9199829101562 18.9199829101562
16.4800109863281 16.4800109863281 1.01998901367188 1.01998901367188 10.8300170898438 10.8300170898438 6.14999389648438 6.14999389648438 13.7100219726562 13.7100219726562 20.6600036621094 20.6600036621094 11.5299987792969 11.5299987792969 8.8699951171875 8.8699951171875 12.3699951171875 12.3699951171875 15.9100036621094 15.9100036621094 11.3399963378906 11.3399963378906 14.0899963378906 14.0899963378906 11.8899841308594 11.8899841308594 15.5499877929688 15.5499877929688 15.6399841308594 15.6399841308594 14.1900024414062 14.1900024414062 14.5899963378906 14.5899963378906 18.3299865722656 18.3299865722656 20.1300048828125 20.1300048828125 19.9500122070312 19.9500122070312 11.760009765625 11.760009765625 19.2300109863281 19.2300109863281 18.9199829101562 18.9199829101562
17.5599975585938 17.5599975585938 14.5499877929688 14.5499877929688 13.5999755859375 13.5999755859375 16.2900085449219 16.2900085449219 10.9900207519531 10.9900207519531 13.9200134277344 13.9200134277344 13.6900024414062 13.6900024414062 16.7100219726562 16.7100219726562 15.0199890136719 15.0199890136719 13.3299865722656 13.3299865722656 12.3000183105469 12.3000183105469 9.19000244140625 9.19000244140625 13.239990234375 13.239990234375 11.4700012207031 11.4700012207031 23.6999816894531 23.6999816894531 14.7900085449219 14.7900085449219 21.8699951171875 21.8699951171875 17.1100158691406 17.1100158691406 17.6300048828125 17.6300048828125 17.8500061035156 17.8500061035156 17.7400207519531 17.7400207519531 19.27001953125 19.27001953125 16.5599975585938 16.5599975585938
17.5599975585938 17.5599975585938 14.5499877929688 14.5499877929688 13.5999755859375 13.5999755859375 16.2900085449219 16.2900085449219 10.9900207519531 10.9900207519531 13.9200134277344 13.9200134277344 13.6900024414062 13.6900024414062 16.7100219726562 16.7100219726562 15.0199890136719 15.0199890136719 13.3299865722656 13.3299865722656 12.3000183105469 12.3000183105469 9.19000244140625 9.19000244140625 13.239990234375 13.239990234375 11.4700012207031 11.4700012207031 23.6999816894531 23.6999816894531 14.7900085449219 14.7900085449219 21.8699951171875 21.8699951171875 17.1100158691406 17.1100158691406 17.6300048828125 17.6300048828125 17.8500061035156 17.8500061035156 17.7400207519531 17.7400207519531 19.27001953125 19.27001953125 16.5599975585938 16.5599975585938
17.3299865722656 17.3299865722656 14.6400146484375 14.6400146484375 10.0299987792969 10.0299987792969 13.3799743652344 13.3799743652344 14.3399963378906 14.3399963378906 13.1799926757812 13.1799926757812 11.5599975585938 11.5599975585938 13.8800048828125 13.8800048828125 11.0400085449219 11.0400085449219 21.9500122070312 21.9500122070312 15.5800170898438 15.5800170898438 14.0899963378906 14.0899963378906 18 18 20.5600280761719 20.5600280761719 16.52001953125 16.52001953125 12.3999938964844 12.3999938964844 16.7200012207031 16.7200012207031 17.260009765625 17.260009765625 16.8900146484375 16.8900146484375 21.3300170898438 21.3300170898438 17.8200073242188 17.8200073242188 21.1099853515625 21.1099853515625 19.9299926757812 19.9299926757812
17.3299865722656 17.3299865722656 14.6400146484375 14.6400146484375 10.0299987792969 10.0299987792969 13.3799743652344 13.3799743652344 14.3399963378906 14.3399963378906 13.1799926757812 13.1799926757812 11.5599975585938 11.5599975585938 13.8800048828125 13.8800048828125 11.0400085449219 11.0400085449219 21.9500122070312 21.9500122070312 15.5800170898438 15.5800170898438 14.0899963378906 14.0899963378906 18 18 20.5600280761719 20.5600280761719 16.52001953125 16.52001953125 12.3999938964844 12.3999938964844 16.7200012207031 16.7200012207031 17.260009765625 17.260009765625 16.8900146484375 16.8900146484375 21.3300170898438 21.3300170898438 17.8200073242188 17.8200073242188 21.1099853515625 21.1099853515625 19.9299926757812 19.9299926757812
19.4300231933594 19.4300231933594 21.8099975585938 21.8099975585938 16.1399841308594 16.1399841308594 18.0899963378906 18.0899963378906 7.46002197265625 7.46002197265625 11.97998046875 11.97998046875 10.8699951171875 10.8699951171875 15.3399963378906 15.3399963378906 21.0399780273438 21.0399780273438 24.7799987792969 24.7799987792969 15.1900024414062 15.1900024414062 14.5800170898438 14.5800170898438 17.1300048828125 17.1300048828125 17.5699768066406 17.5699768066406 18.22998046875 18.22998046875 19.9200134277344 19.9200134277344 8.6400146484375 8.6400146484375 15.6799926757812 15.6799926757812 17.5299987792969 17.5299987792969 17.0400085449219 17.0400085449219 17.6400146484375 17.6400146484375 18.3099975585938 18.3099975585938 19.5400085449219 19.5400085449219
19.4300231933594 19.4300231933594 21.8099975585938 21.8099975585938 16.1399841308594 16.1399841308594 18.0899963378906 18.0899963378906 7.46002197265625 7.46002197265625 11.97998046875 11.97998046875 10.8699951171875 10.8699951171875 15.3399963378906 15.3399963378906 21.0399780273438 21.0399780273438 24.7799987792969 24.7799987792969 15.1900024414062 15.1900024414062 14.5800170898438 14.5800170898438 17.1300048828125 17.1300048828125 17.5699768066406 17.5699768066406 18.22998046875 18.22998046875 19.9200134277344 19.9200134277344 8.6400146484375 8.6400146484375 15.6799926757812 15.6799926757812 17.5299987792969 17.5299987792969 17.0400085449219 17.0400085449219 17.6400146484375 17.6400146484375 18.3099975585938 18.3099975585938 19.5400085449219 19.5400085449219
10.739990234375 10.739990234375 8.6099853515625 8.6099853515625 10.3500061035156 10.3500061035156 23.7699890136719 23.7699890136719 17.1600036621094 17.1600036621094 9.47000122070312 9.47000122070312 22.0599975585938 22.0599975585938 18.1800231933594 18.1800231933594 29.1400146484375 29.1400146484375 30.3799743652344 30.3799743652344 18.97998046875 18.97998046875 22.7000122070312 22.7000122070312 21.0400085449219 21.0400085449219 21.6499938964844 21.6499938964844 15.7599792480469 15.7599792480469 20.9199829101562 20.9199829101562 16.7799987792969 16.7799987792969 16.8399963378906 16.8399963378906 20.1799926757812 20.1799926757812 17.2599792480469 17.2599792480469 15.4499816894531 15.4499816894531 20.3699951171875 20.3699951171875 17.8300170898438 17.8300170898438
10.739990234375 10.739990234375 8.6099853515625 8.6099853515625 10.3500061035156 10.3500061035156 23.7699890136719 23.7699890136719 17.1600036621094 17.1600036621094 9.47000122070312 9.47000122070312 22.0599975585938 22.0599975585938 18.1800231933594 18.1800231933594 29.1400146484375 29.1400146484375 30.3799743652344 30.3799743652344 18.97998046875 18.97998046875 22.7000122070312 22.7000122070312 21.0400085449219 21.0400085449219 21.6499938964844 21.6499938964844 15.7599792480469 15.7599792480469 20.9199829101562 20.9199829101562 16.7799987792969 16.7799987792969 16.8399963378906 16.8399963378906 20.1799926757812 20.1799926757812 17.2599792480469 17.2599792480469 15.4499816894531 15.4499816894531 20.3699951171875 20.3699951171875 17.8300170898438 17.8300170898438
18.3800048828125 18.3800048828125 15.25 15.25 12.77001953125 12.77001953125 18.0700073242188 18.0700073242188 20.6200256347656 20.6200256347656 11.2799987792969 11.2799987792969 15.7799987792969 15.7799987792969 17.1499938964844 17.1499938964844 21.8299865722656 21.8299865722656 22.3699951171875 22.3699951171875 26.8199768066406 26.8199768066406 26.27001953125 26.27001953125 25.7200012207031 25.7200012207031 19.5799865722656 19.5799865722656 24.5900268554688 24.5900268554688 19.8599853515625 19.8599853515625 21.0700073242188 21.0700073242188 23.3099975585938 23.3099975585938 20.0800170898438 20.0800170898438 19.9200134277344 19.9200134277344 19.5599975585938 19.5599975585938 21.6400146484375 21.6400146484375 20.9599914550781 20.9599914550781
18.3800048828125 18.3800048828125 15.25 15.25 12.77001953125 12.77001953125 18.0700073242188 18.0700073242188 20.6200256347656 20.6200256347656 11.2799987792969 11.2799987792969 15.7799987792969 15.7799987792969 17.1499938964844 17.1499938964844 21.8299865722656 21.8299865722656 22.3699951171875 22.3699951171875 26.8199768066406 26.8199768066406 26.27001953125 26.27001953125 25.7200012207031 25.7200012207031 19.5799865722656 19.5799865722656 24.5900268554688 24.5900268554688 19.8599853515625 19.8599853515625 21.0700073242188 21.0700073242188 23.3099975585938 23.3099975585938 20.0800170898438 20.0800170898438 19.9200134277344 19.9200134277344 19.5599975585938 19.5599975585938 21.6400146484375 21.6400146484375 20.9599914550781 20.9599914550781
30.4200134277344 30.4200134277344 1.57000732421875 1.57000732421875 0 0 16 16 22.3800048828125 22.3800048828125 21.510009765625 21.510009765625 20.8600158691406 20.8600158691406 21.9000244140625 21.9000244140625 25.8799743652344 25.8799743652344 15.8200073242188 15.8200073242188 21.6599731445312 21.6599731445312 18.260009765625 18.260009765625 19.8800048828125 19.8800048828125 23.1000061035156 23.1000061035156 12.4300231933594 12.4300231933594 17.1199951171875 17.1199951171875 26.260009765625 26.260009765625 21.5400085449219 21.5400085449219 23.8299865722656 23.8299865722656 22.9100036621094 22.9100036621094 21.9700012207031 21.9700012207031 22.4700012207031 22.4700012207031 24.75 24.75
30.4200134277344 30.4200134277344 1.57000732421875 1.57000732421875 0 0 16 16 22.3800048828125 22.3800048828125 21.510009765625 21.510009765625 20.8600158691406 20.8600158691406 21.9000244140625 21.9000244140625 25.8799743652344 25.8799743652344 15.8200073242188 15.8200073242188 21.6599731445312 21.6599731445312 18.260009765625 18.260009765625 19.8800048828125 19.8800048828125 23.1000061035156 23.1000061035156 12.4300231933594 12.4300231933594 17.1199951171875 17.1199951171875 26.260009765625 26.260009765625 21.5400085449219 21.5400085449219 23.8299865722656 23.8299865722656 22.9100036621094 22.9100036621094 21.9700012207031 21.9700012207031 22.4700012207031 22.4700012207031 24.75 24.75
