SensitivityAnalysis/input/C/tree-height.asc
NCOLS 300 
NROWS 300 
XLLCORNER 444160.00012207 
YLLCORNER 5640450.00012207 
CELLSIZE 5 
NODATA_value -3.4e+38 
[rows 189 to 209 of 300, columns 47 to 93 of 300]
10.52001953125 10.52001953125 4.6199951171875 4.6199951171875 11.0899963378906 11.0899963378906 9.89999389648438 9.89999389648438 7.67999267578125 7.67999267578125 13.5999755859375 13.5999755859375 21.3200073242188 21.3200073242188 20.6199951171875 20.6199951171875 19.7000122070312 19.7000122070312 16.8399963378906 16.8399963378906 21.0899963378906 21.0899963378906 19.4900207519531 19.4900207519531 22.2799987792969 22.2799987792969 9.16000366210938 9.16000366210938 21.72998046875 21.72998046875 14.7100219726562 14.7100219726562 9.51998901367188 9.51998901367188 22.6500244140625 22.6500244140625 8.1099853515625 8.1099853515625 7.780029296875 7.780029296875 0.6400146484375 0.6400146484375 3.25 3.25 1.91000366210938 1.91000366210938 4.510009765625
10.52001953125 10.52001953125 4.6199951171875 4.6199951171875 11.0899963378906 11.0899963378906 9.89999389648438 9.89999389648438 7.67999267578125 7.67999267578125 13.5999755859375 13.5999755859375 21.3200073242188 21.3200073242188 20.6199951171875 20.6199951171875 19.7000122070312 19.7000122070312 16.8399963378906 16.8399963378906 21.0899963378906 21.0899963378906 19.4900207519531 19.4900207519531 22.2799987792969 22.2799987792969 9.16000366210938 9.16000366210938 21.72998046875 21.72998046875 14.7100219726562 14.7100219726562 9.51998901367188 9.51998901367188 22.6500244140625 22.6500244140625 8.1099853515625 8.1099853515625 7.780029296875 7.780029296875 0.6400146484375 0.6400146484375 3.25 3.25 1.91000366210938 1.91000366210938 4.510009765625
10.2200012207031 10.2200012207031 11.9199829101562 11.9199829101562 10.1100158691406 10.1100158691406 7.6300048828125 7.6300048828125 17.6099853515625 17.6099853515625 5.32998657226562 5.32998657226562 18.0899963378906 18.0899963378906 17.1200256347656 17.1200256347656 24.3299865722656 24.3299865722656 24.2999877929688 24.2999877929688 20.6900024414062 20.6900024414062 23.52001953125 23.52001953125 19.489990234375 19.489990234375 25.6100158691406 25.6100158691406 22.0400085449219 22.0400085449219 22.75 22.75 19.8299865722656 19.8299865722656 12.6400146484375 12.6400146484375 4.33001708984375 4.33001708984375 12.8999938964844 12.8999938964844 7.43997192382812 7.43997192382812 22.4100036621094 22.4100036621094 3.94000244140625 3.94000244140625 19.2099914550781
10.2200012207031 10.2200012207031 11.9199829101562 11.9199829101562 10.1100158691406 10.1100158691406 7.6300048828125 7.6300048828125 17.6099853515625 17.6099853515625 5.32998657226562 5.32998657226562 18.0899963378906 18.0899963378906 17.1200256347656 17.1200256347656 24.3299865722656 24.3299865722656 24.2999877929688 24.2999877929688 20.6900024414062 20.6900024414062 23.52001953125 23.52001953125 19.489990234375 19.489990234375 25.6100158691406 25.6100158691406 22.0400085449219 22.0400085449219 22.75 22.75 19.8299865722656 19.8299865722656 12.6400146484375 12.6400146484375 4.33001708984375 4.33001708984375 12.8999938964844 12.8999938964844 7.43997192382812 7.43997192382812 22.4100036621094 22.4100036621094 3.94000244140625 3.94000244140625 19.2099914550781
9.17999267578125 9.17999267578125 10.739990234375 10.739990234375 11.8399963378906 11.8399963378906 7.5 7.5 14.3599853515625 14.3599853515625 16.7900085449219 16.7900085449219 23.4400024414062 23.4400024414062 19.2200012207031 19.2200012207031 14.72998046875 14.72998046875 21.7699890136719 21.7699890136719 22.239990234375 22.239990234375 18.3499755859375 18.3499755859375 20.3699951171875 20.3699951171875 21.4299926757812 21.4299926757812 21.7099914550781 21.7099914550781 18.7200012207031 18.7200012207031 13.9700012207031 13.9700012207031 20.75 20.75 3.25 3.25 0.989990234375 0.989990234375 25.0400085449219 25.0400085449219 26.5700073242188 26.5700073242188 22.010009765625 22.010009765625 28.7699890136719
9.17999267578125 9.17999267578125 10.739990234375 10.739990234375 11.8399963378906 11.8399963378906 7.5 7.5 14.3599853515625 14.3599853515625 16.7900085449219 16.7900085449219 23.4400024414062 23.4400024414062 19.2200012207031 19.2200012207031 14.72998046875 14.72998046875 21.7699890136719 21.7699890136719 22.239990234375 22.239990234375 18.3499755859375 18.3499755859375 20.3699951171875 20.3699951171875 21.4299926757812 21.4299926757812 21.7099914550781 21.7099914550781 18.7200012207031 18.7200012207031 13.9700012207031 13.9700012207031 20.75 20.75 3.25 3.25 0.989990234375 0.989990234375 25.0400085449219 25.0400085449219 26.5700073242188 26.5700073242188 22.010009765625 22.010009765625 28.7699890136719
0.110015869140625 0.110015869140625 3.30999755859375 3.30999755859375 6.62002563476562 6.62002563476562 8.95999145507812 8.95999145507812 9.6099853515625 9.6099853515625 12.989990234375 12.989990234375 11.4900207519531 11.4900207519531 17.4200134277344 17.4200134277344 17.6800231933594 17.6800231933594 3.26998901367188 3.26998901367188 14.6300048828125 14.6300048828125 23.4599914550781 23.4599914550781 9.1300048828125 9.1300048828125 6.94998168945312 6.94998168945312 20.2300109863281 20.2300109863281 24.489990234375 24.489990234375 1.49002075195312 1.49002075195312 0.660003662109375 0.660003662109375 0 0 24.5599975585938 24.5599975585938 22.1699829101562 22.1699829101562 22.8299865722656 22.8299865722656 24.6799926757812 24.6799926757812 30.0399780273438
0.110015869140625 0.110015869140625 3.30999755859375 3.30999755859375 6.62002563476562 6.62002563476562 8.95999145507812 8.95999145507812 9.6099853515625 9.6099853515625 12.989990234375 12.989990234375 11.4900207519531 11.4900207519531 17.4200134277344 17.4200134277344 17.6800231933594 17.6800231933594 3.26998901367188 3.26998901367188 14.6300048828125 14.6300048828125 23.4599914550781 23.4599914550781 9.1300048828125 9.1300048828125 6.94998168945312 6.94998168945312 20.2300109863281 20.2300109863281 24.489990234375 24.489990234375 1.49002075195312 1.49002075195312 0.660003662109375 0.660003662109375 0 0 24.5599975585938 24.5599975585938 22.1699829101562 22.1699829101562 22.8299865722656 22.8299865722656 24.6799926757812 24.6799926757812 30.0399780273438
0 0 9.64999389648438 9.64999389648438 9.75 9.75 10.0299987792969 10.0299987792969 8.93997192382812 8.93997192382812 20.1100158691406 20.1100158691406 13.6199951171875 13.6199951171875 14.8600158691406 14.8600158691406 22.4500122070312 22.4500122070312 3.51998901367188 3.51998901367188 15.7100219726562 15.7100219726562 16.3000183105469 16.3000183105469 0.1400146484375 0.1400146484375 14.9299926757812 14.9299926757812 9.33999633789062 9.33999633789062 12.2300109863281 12.2300109863281 2.16000366210938 2.16000366210938 2.48001098632812 2.48001098632812 7.35000610351562 7.35000610351562 21.3299865722656 21.3299865722656 24.4400024414062 24.4400024414062 3.10000610351562 3.10000610351562 24.3600158691406 24.3600158691406 14.6600036621094
0 0 9.64999389648438 9.64999389648438 9.75 9.75 10.0299987792969 10.0299987792969 8.93997192382812 8.93997192382812 20.1100158691406 20.1100158691406 13.6199951171875 13.6199951171875 14.8600158691406 14.8600158691406 22.4500122070312 22.4500122070312 3.51998901367188 3.51998901367188 15.7100219726562 15.7100219726562 16.3000183105469 16.3000183105469 0.1400146484375 0.1400146484375 14.9299926757812 14.9299926757812 9.33999633789062 9.33999633789062 12.2300109863281 12.2300109863281 2.16000366210938 2.16000366210938 2.48001098632812 2.48001098632812 7.35000610351562 7.35000610351562 21.3299865722656 21.3299865722656 24.4400024414062 24.4400024414062 3.10000610351562 3.10000610351562 24.3600158691406 24.3600158691406 14.6600036621094
10.9199829101562 10.9199829101562 14.1199951171875 14.1199951171875 11.2000122070312 11.2000122070312 10.1699829101562 10.1699829101562 4.95999145507812 4.95999145507812 15.6499938964844 15.6499938964844 17.0399780273438 17.0399780273438 10.6199951171875 10.6199951171875 25.3999938964844 25.3999938964844 25.1000061035156 25.1000061035156 0 0 3.54998779296875 3.54998779296875 8.32998657226562 8.32998657226562 3.33999633789062 3.33999633789062 22.9599914550781 22.9599914550781 19.0499877929688 19.0499877929688 1.05999755859375 1.05999755859375 2.20001220703125 2.20001220703125 24.1000061035156 24.1000061035156 20.7200012207031 20.7200012207031 24.8400268554688 24.8400268554688 11.3500061035156 11.3500061035156 27.1199951171875 27.1199951171875 2.3800048828125
10.9199829101562 10.9199829101562 14.1199951171875 14.1199951171875 11.2000122070312 11.2000122070312 10.1699829101562 10.1699829101562 4.95999145507812 4.95999145507812 15.6499938964844 15.6499938964844 17.0399780273438 17.0399780273438 10.6199951171875 10.6199951171875 25.3999938964844 25.3999938964844 25.1000061035156 25.1000061035156 0 0 3.54998779296875 3.54998779296875 8.32998657226562 8.32998657226562 3.33999633789062 3.33999633789062 22.9599914550781 22.9599914550781 19.0499877929688 19.0499877929688 1.05999755859375 1.05999755859375 2.20001220703125 2.20001220703125 24.1000061035156 24.1000061035156 20.7200012207031 20.7200012207031 24.8400268554688 24.8400268554688 11.3500061035156 11.3500061035156 27.1199951171875 27.1199951171875 2.3800048828125
14.2799987792969 14.2799987792969 11.22998046875 11.22998046875 8.3800048828125 8.3800048828125 11.2799987792969 11.2799987792969 14.1500244140625 14.1500244140625 19.25 19.25 22.8800048828125 22.8800048828125 20.3500061035156 20.3500061035156 28.3899841308594 28.3899841308594 19.1900024414062 19.1900024414062 11.3699951171875 11.3699951171875 17.3700256347656 17.3700256347656 25.739990234375 25.739990234375 27.1999816894531 27.1999816894531 0 0 24.3500061035156 24.3500061035156 21.3500061035156 21.3500061035156 1.23001098632812 1.23001098632812 1.58001708984375 1.58001708984375 22.8700256347656 22.8700256347656 26.8300170898438 26.8300170898438 3.82000732421875 3.82000732421875 25.1600036621094 25.1600036621094 25.3999938964844
14.2799987792969 14.2799987792969 11.22998046875 11.22998046875 8.3800048828125 8.3800048828125 11.2799987792969 11.2799987792969 14.1500244140625 14.1500244140625 19.25 19.25 22.8800048828125 22.8800048828125 20.3500061035156 20.3500061035156 28.3899841308594 28.3899841308594 19.1900024414062 19.1900024414062 11.3699951171875 11.3699951171875 17.3700256347656 17.3700256347656 25.739990234375 25.739990234375 27.1999816894531 27.1999816894531 0 0 24.3500061035156 24.3500061035156 21.3500061035156 21.3500061035156 1.23001098632812 1.23001098632812 1.58001708984375 1.58001708984375 22.8700256347656 22.8700256347656 26.8300170898438 26.8300170898438 3.82000732421875 3.82000732421875 25.1600036621094 25.1600036621094 25.3999938964844
18.2599792480469 18.2599792480469 0.399993896484375 0.399993896484375 22.2899780273438 22.2899780273438 0 0 29.2799987792969 29.2799987792969 24.2799987792969 24.2799987792969 23.9800109863281 23.9800109863281 18.1099853515625 18.1099853515625 18.4299926757812 18.4299926757812 11.4700012207031 11.4700012207031 4.3699951171875 4.3699951171875 3.510009765625 3.510009765625 5.5 5.5 21 21 19.2900085449219 19.2900085449219 17.6600036621094 17.6600036621094 19.9700012207031 19.9700012207031 26.52001953125 26.52001953125 3.07998657226562 3.07998657226562 5.85000610351562 5.85000610351562 20.5 20.5 22.4700012207031 22.4700012207031 23.6499938964844 23.6499938964844 18.0599975585938
18.2599792480469 18.2599792480469 0.399993896484375 0.399993896484375 22.2899780273438 22.2899780273438 0 0 29.2799987792969 29.2799987792969 24.2799987792969 24.2799987792969 23.9800109863281 23.9800109863281 18.1099853515625 18.1099853515625 18.4299926757812 18.4299926757812 11.4700012207031 11.4700012207031 4.3699951171875 4.3699951171875 3.510009765625 3.510009765625 5.5 5.5 21 21 19.2900085449219 19.2900085449219 17.6600036621094 17.6600036621094 19.9700012207031 19.9700012207031 26.52001953125 26.52001953125 3.07998657226562 3.07998657226562 5.85000610351562 5.85000610351562 20.5 20.5 22.4700012207031 22.4700012207031 23.6499938964844 23.6499938964844 18.0599975585938
19.3600158691406 19.3600158691406 1.52999877929688 1.52999877929688 20.3800048828125 20.3800048828125 17.5499877929688 17.5499877929688 1.72998046875 1.72998046875 7.33999633789062 7.33999633789062 0 0 22.9700012207031 22.9700012207031 1.08001708984375 1.08001708984375 11.1900024414062 11.1900024414062 6.739990234375 6.739990234375 11.7699890136719 11.7699890136719 0.44000244140625 0.44000244140625 21.739990234375 21.739990234375 23.7799987792969 23.7799987792969 2.6400146484375 2.6400146484375 15.3900146484375 15.3900146484375 20.1799926757812 20.1799926757812 4.09002685546875 4.09002685546875 18.5199890136719 18.5199890136719 24.5800170898438 24.5800170898438 22.8699951171875 22.8699951171875 20.0600280761719 20.0600280761719 0
19.3600158691406 19.3600158691406 1.52999877929688 1.52999877929688 20.3800048828125 20.3800048828125 17.5499877929688 17.5499877929688 1.72998046875 1.72998046875 7.33999633789062 7.33999633789062 0 0 22.9700012207031 22.9700012207031 1.08001708984375 1.08001708984375 11.1900024414062 11.1900024414062 6.739990234375 6.739990234375 11.7699890136719 11.7699890136719 0.44000244140625 0.44000244140625 21.739990234375 21.739990234375 23.7799987792969 23.7799987792969 2.6400146484375 2.6400146484375 15.3900146484375 15.3900146484375 20.1799926757812 20.1799926757812 4.09002685546875 4.09002685546875 18.5199890136719 18.5199890136719 24.5800170898438 24.5800170898438 22.8699951171875 22.8699951171875 20.0600280761719 20.0600280761719 0
22.5099792480469 22.5099792480469 10.8799743652344 10.8799743652344 15.6499938964844 15.6499938964844 23.8399963378906 23.8399963378906 25.6399841308594 25.6399841308594 21.3399963378906 21.3399963378906 16.7999877929688 16.7999877929688 0 0 3.54000854492188 3.54000854492188 0.96002197265625 0.96002197265625 21.2799987792969 21.2799987792969 13.239990234375 13.239990234375 25.3699951171875 25.3699951171875 29.0799865722656 29.0799865722656 24.719970703125 24.719970703125 24.1199951171875 24.1199951171875 17.9599914550781 17.9599914550781 21.989990234375 21.989990234375 28.3599853515625 28.3599853515625 2.08999633789062 2.08999633789062 22.7999877929688 22.7999877929688 2.1199951171875 2.1199951171875 24.0899963378906 24.0899963378906 21.22998046875
22.5099792480469 22.5099792480469 10.8799743652344 10.8799743652344 15.6499938964844 15.6499938964844 23.8399963378906 23.8399963378906 25.6399841308594 25.6399841308594 21.3399963378906 21.3399963378906 16.7999877929688 16.7999877929688 0 0 3.54000854492188 3.54000854492188 0.96002197265625 0.96002197265625 21.2799987792969 21.2799987792969 13.239990234375 13.239990234375 25.3699951171875 25.3699951171875 29.0799865722656 29.0799865722656 24.719970703125 24.719970703125 24.1199951171875 24.1199951171875 17.9599914550781 17.9599914550781 21.989990234375 21.989990234375 28.3599853515625 28.3599853515625 2.08999633789062 2.08999633789062 22.7999877929688 22.7999877929688 2.1199951171875 2.1199951171875 24.0899963378906 24.0899963378906 21.22998046875
0.69000244140625 0.69000244140625 6.38998413085938 6.38998413085938 26.3299865722656 26.3299865722656 9.89999389648438 9.89999389648438 0.80999755859375 0.80999755859375 22.0299987792969 22.0299987792969 27.239990234375 27.239990234375 0 0 14.6200256347656 14.6200256347656 25.260009765625 25.260009765625 26.1600036621094 26.1600036621094 6.07000732421875 6.07000732421875 1.1199951171875 1.1199951171875 10.8699951171875 10.8699951171875 26.2300109863281 26.2300109863281 0.540008544921875 0.540008544921875 0.029998779296875 0.029998779296875 8.88998413085938 8.88998413085938 2.63998413085938 2.63998413085938 22.9299926757812 22.9299926757812 3.20999145507812 3.20999145507812 19.47998046875 19.47998046875 23.5299987792969 23.5299987792969 24.5899963378906
