SensitivityAnalysis/input/C/tree-height.asc
NCOLS 300 
NROWS 300 
XLLCORNER 444160.00012207 
YLLCORNER 5640450.00012207 
CELLSIZE 5 
NODATA_value -3.4e+38 
[rows 84 to 104 of 300, columns 188 to 234 of 300]
22 22.8700103759766 22.8700103759766 8.88999938964844 8.88999938964844 14.7599945068359 14.7599945068359 11.3799896240234 11.3799896240234 17.0800018310547 17.0800018310547 14.4399871826172 14.4399871826172 17.3600006103516 17.3600006103516 8.07000732421875 8.07000732421875 17.6000061035156 17.6000061035156 17.7400054931641 17.7400054931641 10.260009765625 10.260009765625 1.49000549316406 1.49000549316406 15.6100006103516 15.6100006103516 8.18000793457031 8.18000793457031 14.2900085449219 14.2900085449219 17.6699981689453 17.6699981689453 14.8799896240234 14.8799896240234 3.05999755859375 3.05999755859375 6.02999877929688 6.02999877929688 1.15998840332031 1.15998840332031 22.4499969482422 22.4499969482422 21.3000030517578 21.3000030517578 23.1900024414062 23.1900024414062
22.8900146484375 24.8500061035156 24.8500061035156 18.2999877929688 18.2999877929688 0 0 16.8700103759766 16.8700103759766 2.85000610351562 2.85000610351562 13.3100128173828 13.3100128173828 17.75 17.75 21.4300079345703 21.4300079345703 18.6799926757812 18.6799926757812 3.60000610351562 3.60000610351562 12.5699920654297 12.5699920654297 8.09999084472656 8.09999084472656 9.10000610351562 9.10000610351562 10.8699951171875 10.8699951171875 7.32000732421875 7.32000732421875 15.9199981689453 15.9199981689453 2.80999755859375 2.80999755859375 5.010009765625 5.010009765625 0.279998779296875 0.279998779296875 22.1699981689453 22.1699981689453 21.9800109863281 21.9800109863281 17.8999938964844 17.8999938964844 26.4300079345703 26.4300079345703
22.8900146484375 24.8500061035156 24.8500061035156 18.2999877929688 18.2999877929688 0 0 16.8700103759766 16.8700103759766 2.85000610351562 2.85000610351562 13.3100128173828 13.3100128173828 17.75 17.75 21.4300079345703 21.4300079345703 18.6799926757812 18.6799926757812 3.60000610351562 3.60000610351562 12.5699920654297 12.5699920654297 8.09999084472656 8.09999084472656 9.10000610351562 9.10000610351562 10.8699951171875 10.8699951171875 7.32000732421875 7.32000732421875 15.9199981689453 15.9199981689453 2.80999755859375 2.80999755859375 5.010009765625 5.010009765625 0.279998779296875 0.279998779296875 22.1699981689453 22.1699981689453 21.9800109863281 21.9800109863281 17.8999938964844 17.8999938964844 26.4300079345703 26.4300079345703
22.7200012207031 18.9499969482422 18.9499969482422 15.1100006103516 15.1100006103516 14.1000061035156 14.1000061035156 14.1000061035156 14.1000061035156 14.3300018310547 14.3300018310547 7.52999877929688 7.52999877929688 12.3499908447266 12.3499908447266 7.19999694824219 7.19999694824219 6.58999633789062 6.58999633789062 19.9299926757812 19.9299926757812 5.69000244140625 5.69000244140625 8.95999145507812 8.95999145507812 7.74000549316406 7.74000549316406 11.0400085449219 11.0400085449219 11.3699951171875 11.3699951171875 15.9499969482422 15.9499969482422 15.8800048828125 15.8800048828125 2.84999084472656 2.84999084472656 0 0 27.3699951171875 27.3699951171875 28.6699981689453 28.6699981689453 21.6799926757812 21.6799926757812 22.9100036621094 22.9100036621094
22.7200012207031 18.9499969482422 18.9499969482422 15.1100006103516 15.1100006103516 14.1000061035156 14.1000061035156 14.1000061035156 14.1000061035156 14.3300018310547 14.3300018310547 7.52999877929688 7.52999877929688 12.3499908447266 12.3499908447266 7.19999694824219 7.19999694824219 6.58999633789062 6.58999633789062 19.9299926757812 19.9299926757812 5.69000244140625 5.69000244140625 8.95999145507812 8.95999145507812 7.74000549316406 7.74000549316406 11.0400085449219 11.0400085449219 11.3699951171875 11.3699951171875 15.9499969482422 15.9499969482422 15.8800048828125 15.8800048828125 2.84999084472656 2.84999084472656 0 0 27.3699951171875 27.3699951171875 28.6699981689453 28.6699981689453 21.6799926757812 21.6799926757812 22.9100036621094 22.9100036621094
7.68998718261719 17.9599914550781 17.9599914550781 1.57000732421875 1.57000732421875 10.9400024414062 10.9400024414062 15.4799957275391 15.4799957275391 13.9400024414062 13.9400024414062 11.7799987792969 11.7799987792969 3.27999877929688 3.27999877929688 26.4100036621094 26.4100036621094 21.9800109863281 21.9800109863281 8.95001220703125 8.95001220703125 8.94999694824219 8.94999694824219 12.25 12.25 6.34001159667969 6.34001159667969 8.3699951171875 8.3699951171875 7.33999633789062 7.33999633789062 8.37001037597656 8.37001037597656 9.01998901367188 9.01998901367188 0.459991455078125 0.459991455078125 0.07000732421875 0.07000732421875 25.5399932861328 25.5399932861328 24.6199951171875 24.6199951171875 28.9599914550781 28.9599914550781 2.49000549316406 2.49000549316406
7.68998718261719 17.9599914550781 17.9599914550781 1.57000732421875 1.57000732421875 10.9400024414062 10.9400024414062 15.4799957275391 15.4799957275391 13.9400024414062 13.9400024414062 11.7799987792969 11.7799987792969 3.27999877929688 3.27999877929688 26.4100036621094 26.4100036621094 21.9800109863281 21.9800109863281 8.95001220703125 8.95001220703125 8.94999694824219 8.94999694824219 12.25 12.25 6.34001159667969 6.34001159667969 8.3699951171875 8.3699951171875 7.33999633789062 7.33999633789062 8.37001037597656 8.37001037597656 9.01998901367188 9.01998901367188 0.459991455078125 0.459991455078125 0.07000732421875 0.07000732421875 25.5399932861328 25.5399932861328 24.6199951171875 24.6199951171875 28.9599914550781 28.9599914550781 2.49000549316406 2.49000549316406
11.0899963378906 19.5599975585938 19.5599975585938 25.6499938964844 25.6499938964844 20.8500061035156 20.8500061035156 13.1599884033203 13.1599884033203 15.8500061035156 15.8500061035156 15.739990234375 15.739990234375 9.39999389648438 9.39999389648438 24.75 24.75 4.37001037597656 4.37001037597656 6.19000244140625 6.19000244140625 11.7799987792969 11.7799987792969 4.47000122070312 4.47000122070312 9.31999206542969 9.31999206542969 11.5299987792969 11.5299987792969 12.9700012207031 12.9700012207031 10.2699890136719 10.2699890136719 9.13999938964844 9.13999938964844 0 0 8.8699951171875 8.8699951171875 11 11 28.0099945068359 28.0099945068359 20.3899993896484 20.3899993896484 18.4200134277344 18.4200134277344
11.0899963378906 19.5599975585938 19.5599975585938 25.6499938964844 25.6499938964844 20.8500061035156 20.8500061035156 13.1599884033203 13.1599884033203 15.8500061035156 15.8500061035156 15.739990234375 15.739990234375 9.39999389648438 9.39999389648438 24.75 24.75 4.37001037597656 4.37001037597656 6.19000244140625 6.19000244140625 11.7799987792969 11.7799987792969 4.47000122070312 4.47000122070312 9.31999206542969 9.31999206542969 11.5299987792969 11.5299987792969 12.9700012207031 12.9700012207031 10.2699890136719 10.2699890136719 9.13999938964844 9.13999938964844 0 0 8.8699951171875 8.8699951171875 11 11 28.0099945068359 28.0099945068359 20.3899993896484 20.3899993896484 18.4200134277344 18.4200134277344
18.3699951171875 3.760009765625 3.760009765625 24.2299957275391 24.2299957275391 18.8099975585938 18.8099975585938 14.8300018310547 14.8300018310547 5.09999084472656 5.09999084472656 11.6100006103516 11.6100006103516 7.11000061035156 7.11000061035156 10.6100006103516 10.6100006103516 6.58999633789062 6.58999633789062 14.2699890136719 14.2699890136719 5.42999267578125 5.42999267578125 8.30999755859375 8.30999755859375 12.7100067138672 12.7100067138672 12.0899963378906 12.0899963378906 10.0299987792969 10.0299987792969 12.6400146484375 12.6400146484375 0.20001220703125 0.20001220703125 11.1100006103516 11.1100006103516 0.0500030517578125 0.0500030517578125 21.6999969482422 21.6999969482422 28.9299926757812 28.9299926757812 20.0300140380859 20.0300140380859 9 9
18.3699951171875 3.760009765625 3.760009765625 24.2299957275391 24.2299957275391 18.8099975585938 18.8099975585938 14.8300018310547 14.8300018310547 5.09999084472656 5.09999084472656 11.6100006103516 11.6100006103516 7.11000061035156 7.11000061035156 10.6100006103516 10.6100006103516 6.58999633789062 6.58999633789062 14.2699890136719 14.2699890136719 5.42999267578125 5.42999267578125 8.30999755859375 8.30999755859375 12.7100067138672 12.7100067138672 12.0899963378906 12.0899963378906 10.0299987792969 10.0299987792969 12.6400146484375 12.6400146484375 0.20001220703125 0.20001220703125 11.1100006103516 11.1100006103516 0.0500030517578125 0.0500030517578125 21.6999969482422 21.6999969482422 28.9299926757812 28.9299926757812 20.0300140380859 20.0300140380859 9 9
12.4799957275391 24.7200012207031 24.7200012207031 21.4799957275391 21.4799957275391 21.0700073242188 21.0700073242188 13.75 13.75 23.7799987792969 23.7799987792969 19.8099975585938 19.8099975585938 5.53999328613281 5.53999328613281 11.8200073242188 11.8200073242188 8.80999755859375 8.80999755859375 7.1300048828125 7.1300048828125 4.41999816894531 4.41999816894531 9.94999694824219 9.94999694824219 13.5999908447266 13.5999908447266 10.8000030517578 10.8000030517578 9.84001159667969 9.84001159667969 8.6199951171875 8.6199951171875 5.58999633789062 5.58999633789062 20.5200042724609 20.5200042724609 19.4299926757812 19.4299926757812 17.8700103759766 17.8700103759766 31.1699981689453 31.1699981689453 15.5299987792969 15.5299987792969 13.9199981689453 13.9199981689453
12.4799957275391 24.7200012207031 24.7200012207031 21.4799957275391 21.4799957275391 21.0700073242188 21.0700073242188 13.75 13.75 23.7799987792969 23.7799987792969 19.8099975585938 19.8099975585938 5.53999328613281 5.53999328613281 11.8200073242188 11.8200073242188 8.80999755859375 8.80999755859375 7.1300048828125 7.1300048828125 4.41999816894531 4.41999816894531 9.94999694824219 9.94999694824219 13.5999908447266 13.5999908447266 10.8000030517578 10.8000030517578 9.84001159667969 9.84001159667969 8.6199951171875 8.6199951171875 5.58999633789062 5.58999633789062 20.5200042724609 20.5200042724609 19.4299926757812 19.4299926757812 17.8700103759766 17.8700103759766 31.1699981689453 31.1699981689453 15.5299987792969 15.5299987792969 13.9199981689453 13.9199981689453
21.8700103759766 20.7599945068359 20.7599945068359 10.239990234375 10.239990234375 2.45001220703125 2.45001220703125 11.8899993896484 11.8899993896484 12.7200012207031 12.7200012207031 14.9100036621094 14.9100036621094 17.1599884033203 17.1599884033203 2.12998962402344 2.12998962402344 13.2799987792969 13.2799987792969 2.68000793457031 2.68000793457031 12.0200042724609 12.0200042724609 9.25 9.25 9.05999755859375 9.05999755859375 11.0399932861328 11.0399932861328 9.75 9.75 1.28999328613281 1.28999328613281 11.7400054931641 11.7400054931641 27.0599975585938 27.0599975585938 19.989990234375 19.989990234375 22.6699981689453 22.6699981689453 21.1600036621094 21.1600036621094 24.4499969482422 24.4499969482422 15.0399932861328 15.0399932861328
21.8700103759766 20.7599945068359 20.7599945068359 10.239990234375 10.239990234375 2.45001220703125 2.45001220703125 11.8899993896484 11.8899993896484 12.7200012207031 12.7200012207031 14.9100036621094 14.9100036621094 17.1599884033203 17.1599884033203 2.12998962402344 2.12998962402344 13.2799987792969 13.2799987792969 2.68000793457031 2.68000793457031 12.0200042724609 12.0200042724609 9.25 9.25 9.05999755859375 9.05999755859375 11.0399932861328 11.0399932861328 9.75 9.75 1.28999328613281 1.28999328613281 11.7400054931641 11.7400054931641 27.0599975585938 27.0599975585938 19.989990234375 19.989990234375 22.6699981689453 22.6699981689453 21.1600036621094 21.1600036621094 24.4499969482422 24.4499969482422 15.0399932861328 15.0399932861328
23.4800109863281 22.3000030517578 22.3000030517578 28.5399932861328 28.5399932861328 19.1599884033203 19.1599884033203 10.4599914550781 10.4599914550781 3.91000366210938 3.91000366210938 0 0 19.6900024414062 19.6900024414062 30.1599884033203 30.1599884033203 31.3500061035156 31.3500061035156 34.8299865722656 34.8299865722656 20.1500091552734 20.1500091552734 0 0 13.2000122070312 13.2000122070312 5.02000427246094 5.02000427246094 0.0200042724609375 0.0200042724609375 29.3600006103516 29.3600006103516 20.9599914550781 20.9599914550781 22.9499969482422 22.9499969482422 30.3399963378906 30.3399963378906 17.8099975585938 17.8099975585938 24.0699920654297 24.0699920654297 23.9499969482422 23.9499969482422 8.78999328613281 8.78999328613281
23.4800109863281 22.3000030517578 22.3000030517578 28.5399932861328 28.5399932861328 19.1599884033203 19.1599884033203 10.4599914550781 10.4599914550781 3.91000366210938 3.91000366210938 0 0 19.6900024414062 19.6900024414062 30.1599884033203 30.1599884033203 31.3500061035156 31.3500061035156 34.8299865722656 34.8299865722656 20.1500091552734 20.1500091552734 0 0 13.2000122070312 13.2000122070312 5.02000427246094 5.02000427246094 0.0200042724609375 0.0200042724609375 29.3600006103516 29.3600006103516 20.9599914550781 20.9599914550781 22.9499969482422 22.9499969482422 30.3399963378906 30.3399963378906 17.8099975585938 17.8099975585938 24.0699920654297 24.0699920654297 23.9499969482422 23.9499969482422 8.78999328613281 8.78999328613281
28.7599945068359 24 24 25.9199981689453 25.9199981689453 26.3200073242188 26.3200073242188 30.6000061035156 30.6000061035156 21.1100006103516 21.1100006103516 27.7799987792969 27.7799987792969 0 0 5.35000610351562 5.35000610351562 24.3900146484375 24.3900146484375 28.989990234375 28.989990234375 26.3199920654297 26.3199920654297 31.8600006103516 31.8600006103516 24.9499969482422 24.9499969482422 0 0 21.6999969482422 21.6999969482422 23.1100006103516 23.1100006103516 23.5800018310547 23.5800018310547 15.5099945068359 15.5099945068359 9.74000549316406 9.74000549316406 20.9100036621094 20.9100036621094 24.1600036621094 24.1600036621094 21.3099975585938 21.3099975585938 17.7200012207031 17.7200012207031
28.7599945068359 24 24 25.9199981689453 25.9199981689453 26.3200073242188 26.3200073242188 30.6000061035156 30.6000061035156 21.1100006103516 21.1100006103516 27.7799987792969 27.7799987792969 0 0 5.35000610351562 5.35000610351562 24.3900146484375 24.3900146484375 28.989990234375 28.989990234375 26.3199920654297 26.3199920654297 31.8600006103516 31.8600006103516 24.9499969482422 24.9499969482422 0 0 21.6999969482422 21.6999969482422 23.1100006103516 23.1100006103516 23.5800018310547 23.5800018310547 15.5099945068359 15.5099945068359 9.74000549316406 9.74000549316406 20.9100036621094 20.9100036621094 24.1600036621094 24.1600036621094 21.3099975585938 21.3099975585938 17.7200012207031 17.7200012207031
23.4499969482422 12.8899993896484 12.8899993896484 26.7899932861328 26.7899932861328 27.9499969482422 27.9499969482422 20.7000122070312 20.7000122070312 26.9300079345703 26.9300079345703 24.9700012207031 24.9700012207031 6.52000427246094 6.52000427246094 17.4900054931641 17.4900054931641 25.3099975585938 25.3099975585938 7.19999694824219 7.19999694824219 0.210006713867188 0.210006713867188 32.4299926757812 32.4299926757812 3.58999633789062 3.58999633789062 16.7700042724609 16.7700042724609 19.8200073242188 19.8200073242188 22.7200012207031 22.7200012207031 17.6900024414062 17.6900024414062 22.2799987792969 22.2799987792969 23.8199920654297 23.8199920654297 20.3300018310547 20.3300018310547 15.25 15.25 19 19 22.9799957275391 22.9799957275391
23.4499969482422 12.8899993896484 12.8899993896484 26.7899932861328 26.7899932861328 27.9499969482422 27.9499969482422 20.7000122070312 20.7000122070312 26.9300079345703 26.9300079345703 24.9700012207031 24.9700012207031 6.52000427246094 6.52000427246094 17.4900054931641 17.4900054931641 25.3099975585938 25.3099975585938 7.19999694824219 7.19999694824219 0.210006713867188 0.210006713867188 32.4299926757812 32.4299926757812 3.58999633789062 3.58999633789062 16.7700042724609 16.7700042724609 19.8200073242188 19.8200073242188 22.7200012207031 22.7200012207031 17.6900024414062 17.6900024414062 22.2799987792969 22.2799987792969 23.8199920654297 23.8199920654297 20.3300018310547 20.3300018310547 15.25 15.25 19 19 22.9799957275391 22.9799957275391
