SensitivityAnalysis/input/C/tree-height.asc
NCOLS 300 
NROWS 300 
XLLCORNER 444160.00012207 
YLLCORNER 5640450.00012207 
CELLSIZE 5 
NODATA_value -3.4e+38 
[rows 168 to 188 of 300, columns 141 to 187 of 300]
7.04000854492188 7.04000854492188 15.2900085449219 15.2900085449219 17.489990234375 17.489990234375 12.1900024414062 12.1900024414062 18.0099792480469 18.0099792480469 18.1900024414062 18.1900024414062 22.1800079345703 22.1800079345703 16.1699829101562 16.1699829101562 20.3000183105469 20.3000183105469 21.3000030517578 21.3000030517578 20.489990234375 20.489990234375 22.9400024414062 22.9400024414062 19.1800079345703 19.1800079345703 14 14 15.2899932861328 15.2899932861328 14.4600067138672 14.4600067138672 16.2899932861328 16.2899932861328 19.7099914550781 19.7099914550781 17.0500030517578 17.0500030517578 14.6300048828125 14.6300048828125 16.0800018310547 16.0800018310547 11.9799957275391 11.9799957275391 13.2699890136719 13.2699890136719 16.6699981689453
21.6300048828125 21.6300048828125 16.22998046875 16.22998046875 22.02001953125 22.02001953125 18.6199951171875 18.6199951171875 22.0099792480469 22.0099792480469 17.7400207519531 17.7400207519531 18.0299987792969 18.0299987792969 17.6800079345703 17.6800079345703 4.1300048828125 4.1300048828125 18.7100067138672 18.7100067138672 23.4600067138672 23.4600067138672 20.9799957275391 20.9799957275391 19.2700042724609 19.2700042724609 20.1499938964844 20.1499938964844 17.6999969482422 17.6999969482422 11.6699981689453 11.6699981689453 13.9499969482422 13.9499969482422 19.5199890136719 19.5199890136719 11.0399932861328 11.0399932861328 19.0500030517578 19.0500030517578 17.2599945068359 17.2599945068359 19.5299987792969 19.5299987792969 26.2599945068359 26.2599945068359 19.9000091552734
21.6300048828125 21.6300048828125 16.22998046875 16.22998046875 22.02001953125 22.02001953125 18.6199951171875 18.6199951171875 22.0099792480469 22.0099792480469 17.7400207519531 17.7400207519531 18.0299987792969 18.0299987792969 17.6800079345703 17.6800079345703 4.1300048828125 4.1300048828125 18.7100067138672 18.7100067138672 23.4600067138672 23.4600067138672 20.9799957275391 20.9799957275391 19.2700042724609 19.2700042724609 20.1499938964844 20.1499938964844 17.6999969482422 17.6999969482422 11.6699981689453 11.6699981689453 13.9499969482422 13.9499969482422 19.5199890136719 19.5199890136719 11.0399932861328 11.0399932861328 19.0500030517578 19.0500030517578 17.2599945068359 17.2599945068359 19.5299987792969 19.5299987792969 26.2599945068359 26.2599945068359 19.9000091552734
17.22998046875 17.22998046875 18.0699768066406 18.0699768066406 0.1099853515625 0.1099853515625 23.1000061035156 23.1000061035156 11.9200134277344 11.9200134277344 20.1600036621094 20.1600036621094 15.3600158691406 15.3600158691406 15.7100067138672 15.7100067138672 3.47999572753906 3.47999572753906 17.3699951171875 17.3699951171875 20.0599822998047 20.0599822998047 16.6100006103516 16.6100006103516 8.29000854492188 8.29000854492188 14.3600006103516 14.3600006103516 6.77999877929688 6.77999877929688 14.0499877929688 14.0499877929688 16.8500061035156 16.8500061035156 13.0500030517578 13.0500030517578 15.1100006103516 15.1100006103516 21.2599945068359 21.2599945068359 15.6200103759766 15.6200103759766 19.6699981689453 19.6699981689453 21.6600036621094 21.6600036621094 16.1399993896484
17.22998046875 17.22998046875 18.0699768066406 18.0699768066406 0.1099853515625 0.1099853515625 23.1000061035156 23.1000061035156 11.9200134277344 11.9200134277344 20.1600036621094 20.1600036621094 15.3600158691406 15.3600158691406 15.7100067138672 15.7100067138672 3.47999572753906 3.47999572753906 17.3699951171875 17.3699951171875 20.0599822998047 20.0599822998047 16.6100006103516 16.6100006103516 8.29000854492188 8.29000854492188 14.3600006103516 14.3600006103516 6.77999877929688 6.77999877929688 14.0499877929688 14.0499877929688 16.8500061035156 16.8500061035156 13.0500030517578 13.0500030517578 15.1100006103516 15.1100006103516 21.2599945068359 21.2599945068359 15.6200103759766 15.6200103759766 19.6699981689453 19.6699981689453 21.6600036621094 21.6600036621094 16.1399993896484
24.8699951171875 24.8699951171875 20.1699829101562 20.1699829101562 0.1400146484375 0.1400146484375 0.520004272460938 0.520004272460938 0 0 15.7100067138672 15.7100067138672 11.9000091552734 11.9000091552734 13.0399780273438 13.0399780273438 2.33000183105469 2.33000183105469 1.88999938964844 1.88999938964844 9.08000183105469 9.08000183105469 17.8000030517578 17.8000030517578 7.510009765625 7.510009765625 14.6200103759766 14.6200103759766 14.2299957275391 14.2299957275391 12.2200012207031 12.2200012207031 16.25 16.25 12.8399963378906 12.8399963378906 17.3799896240234 17.3799896240234 4.63999938964844 4.63999938964844 12.2200012207031 12.2200012207031 18.5600128173828 18.5600128173828 21.1699981689453 21.1699981689453 5.82998657226562
24.8699951171875 24.8699951171875 20.1699829101562 20.1699829101562 0.1400146484375 0.1400146484375 0.520004272460938 0.520004272460938 0 0 15.7100067138672 15.7100067138672 11.9000091552734 11.9000091552734 13.0399780273438 13.0399780273438 2.33000183105469 2.33000183105469 1.88999938964844 1.88999938964844 9.08000183105469 9.08000183105469 17.8000030517578 17.8000030517578 7.510009765625 7.510009765625 14.6200103759766 14.6200103759766 14.2299957275391 14.2299957275391 12.2200012207031 12.2200012207031 16.25 16.25 12.8399963378906 12.8399963378906 17.3799896240234 17.3799896240234 4.63999938964844 4.63999938964844 12.2200012207031 12.2200012207031 18.5600128173828 18.5600128173828 21.1699981689453 21.1699981689453 5.82998657226562
17.2200012207031 17.2200012207031 0.149993896484375 0.149993896484375 17.9499969482422 17.9499969482422 21.0000152587891 21.0000152587891 18.1399841308594 18.1399841308594 16.4599914550781 16.4599914550781 18.52001953125 18.52001953125 15.7900085449219 15.7900085449219 17.6299896240234 17.6299896240234 1.69000244140625 1.69000244140625 12.0699920654297 12.0699920654297 15.3099975585938 15.3099975585938 17.3499908447266 17.3499908447266 7.54000854492188 7.54000854492188 17.5200042724609 17.5200042724609 8.75 8.75 16.8799896240234 16.8799896240234 13.5800018310547 13.5800018310547 7.02999877929688 7.02999877929688 9.85000610351562 9.85000610351562 11.3000030517578 11.3000030517578 15.0399932861328 15.0399932861328 7.739990234375 7.739990234375 9.63999938964844
17.2200012207031 17.2200012207031 0.149993896484375 0.149993896484375 17.9499969482422 17.9499969482422 21.0000152587891 21.0000152587891 18.1399841308594 18.1399841308594 16.4599914550781 16.4599914550781 18.52001953125 18.52001953125 15.7900085449219 15.7900085449219 17.6299896240234 17.6299896240234 1.69000244140625 1.69000244140625 12.0699920654297 12.0699920654297 15.3099975585938 15.3099975585938 17.3499908447266 17.3499908447266 7.54000854492188 7.54000854492188 17.5200042724609 17.5200042724609 8.75 8.75 16.8799896240234 16.8799896240234 13.5800018310547 13.5800018310547 7.02999877929688 7.02999877929688 9.85000610351562 9.85000610351562 11.3000030517578 11.3000030517578 15.0399932861328 15.0399932861328 7.739990234375 7.739990234375 9.63999938964844
7.97000122070312 7.97000122070312 0.720001220703125 0.720001220703125 8.08999633789062 8.08999633789062 20.6199798583984 20.6199798583984 19.6999969482422 19.6999969482422 7.17999267578125 7.17999267578125 16.6900024414062 16.6900024414062 24.9100036621094 24.9100036621094 21.4100036621094 21.4100036621094 19.5899963378906 19.5899963378906 12.3699951171875 12.3699951171875 13.6499938964844 13.6499938964844 19.1199951171875 19.1199951171875 15.7299957275391 15.7299957275391 7.8800048828125 7.8800048828125 13.1199951171875 13.1199951171875 20.9599914550781 20.9599914550781 13.3899993896484 13.3899993896484 17.3100128173828 17.3100128173828 17.3600006103516 17.3600006103516 7.75999450683594 7.75999450683594 8.34001159667969 8.34001159667969 7.86000061035156 7.86000061035156 12.6300048828125
7.97000122070312 7.97000122070312 0.720001220703125 0.720001220703125 8.08999633789062 8.08999633789062 20.6199798583984 20.6199798583984 19.6999969482422 19.6999969482422 7.17999267578125 7.17999267578125 16.6900024414062 16.6900024414062 24.9100036621094 24.9100036621094 21.4100036621094 21.4100036621094 19.5899963378906 19.5899963378906 12.3699951171875 12.3699951171875 13.6499938964844 13.6499938964844 19.1199951171875 19.1199951171875 15.7299957275391 15.7299957275391 7.8800048828125 7.8800048828125 13.1199951171875 13.1199951171875 20.9599914550781 20.9599914550781 13.3899993896484 13.3899993896484 17.3100128173828 17.3100128173828 17.3600006103516 17.3600006103516 7.75999450683594 7.75999450683594 8.34001159667969 8.34001159667969 7.86000061035156 7.86000061035156 12.6300048828125
4.27999877929688 4.27999877929688 7.75 7.75 22.5300140380859 22.5300140380859 21.1799926757812 21.1799926757812 23.8299865722656 23.8299865722656 21.6900024414062 21.6900024414062 19.8399963378906 19.8399963378906 20.1199951171875 20.1199951171875 14.7899932861328 14.7899932861328 17.2899932861328 17.2899932861328 23.8000030517578 23.8000030517578 16.5 16.5 14.1199951171875 14.1199951171875 21.8200073242188 21.8200073242188 20.5399932861328 20.5399932861328 11.75 11.75 16.3999938964844 16.3999938964844 0 0 17.8700103759766 17.8700103759766 13.3799896240234 13.3799896240234 9.13999938964844 9.13999938964844 0.089996337890625 0.089996337890625 16.2999877929688 16.2999877929688 27.5700073242188
4.27999877929688 4.27999877929688 7.75 7.75 22.5300140380859 22.5300140380859 21.1799926757812 21.1799926757812 23.8299865722656 23.8299865722656 21.6900024414062 21.6900024414062 19.8399963378906 19.8399963378906 20.1199951171875 20.1199951171875 14.7899932861328 14.7899932861328 17.2899932861328 17.2899932861328 23.8000030517578 23.8000030517578 16.5 16.5 14.1199951171875 14.1199951171875 21.8200073242188 21.8200073242188 20.5399932861328 20.5399932861328 11.75 11.75 16.3999938964844 16.3999938964844 0 0 17.8700103759766 17.8700103759766 13.3799896240234 13.3799896240234 9.13999938964844 9.13999938964844 0.089996337890625 0.089996337890625 16.2999877929688 16.2999877929688 27.5700073242188
0.860015869140625 0.860015869140625 16.5700073242188 16.5700073242188 22.5400085449219 22.5400085449219 22.0700073242188 22.0700073242188 21.7400054931641 21.7400054931641 9.82000732421875 9.82000732421875 19.6300048828125 19.6300048828125 21.4199981689453 21.4199981689453 19.1599884033203 19.1599884033203 20.8099975585938 20.8099975585938 16.5899963378906 16.5899963378906 15.6499938964844 15.6499938964844 15.8999938964844 15.8999938964844 18.2900085449219 18.2900085449219 12.2300109863281 12.2300109863281 16.8500061035156 16.8500061035156 16.3000030517578 16.3000030517578 14.3000030517578 14.3000030517578 10.6699981689453 10.6699981689453 4.19000244140625 4.19000244140625 10.1399993896484 10.1399993896484 21.2899932861328 21.2899932861328 27.3899993896484 27.3899993896484 30.0800018310547
0.860015869140625 0.860015869140625 16.5700073242188 16.5700073242188 22.5400085449219 22.5400085449219 22.0700073242188 22.0700073242188 21.7400054931641 21.7400054931641 9.82000732421875 9.82000732421875 19.6300048828125 19.6300048828125 21.4199981689453 21.4199981689453 19.1599884033203 19.1599884033203 20.8099975585938 20.8099975585938 16.5899963378906 16.5899963378906 15.6499938964844 15.6499938964844 15.8999938964844 15.8999938964844 18.2900085449219 18.2900085449219 12.2300109863281 12.2300109863281 16.8500061035156 16.8500061035156 16.3000030517578 16.3000030517578 14.3000030517578 14.3000030517578 10.6699981689453 10.6699981689453 4.19000244140625 4.19000244140625 10.1399993896484 10.1399993896484 21.2899932861328 21.2899932861328 27.3899993896484 27.3899993896484 30.0800018310547
20.9800109863281 20.9800109863281 16.3599853515625 16.3599853515625 16.2200012207031 16.2200012207031 16.9400024414062 16.9400024414062 19.9500122070312 19.9500122070312 20.3600006103516 20.3600006103516 20.2000122070312 20.2000122070312 18.3800048828125 18.3800048828125 17.9300079345703 17.9300079345703 17.3899993896484 17.3899993896484 22.3199920654297 22.3199920654297 3.25 3.25 21.0399932861328 21.0399932861328 14.9199981689453 14.9199981689453 20.5599975585938 20.5599975585938 17.5999908447266 17.5999908447266 18.3900146484375 18.3900146484375 16.75 16.75 18.2599945068359 18.2599945068359 12.5 12.5 8.65998840332031 8.65998840332031 8.67999267578125 8.67999267578125 22.3000030517578 22.3000030517578 28.8099975585938
20.9800109863281 20.9800109863281 16.3599853515625 16.3599853515625 16.2200012207031 16.2200012207031 16.9400024414062 16.9400024414062 19.9500122070312 19.9500122070312 20.3600006103516 20.3600006103516 20.2000122070312 20.2000122070312 18.3800048828125 18.3800048828125 17.9300079345703 17.9300079345703 17.3899993896484 17.3899993896484 22.3199920654297 22.3199920654297 3.25 3.25 21.0399932861328 21.0399932861328 14.9199981689453 14.9199981689453 20.5599975585938 20.5599975585938 17.5999908447266 17.5999908447266 18.3900146484375 18.3900146484375 16.75 16.75 18.2599945068359 18.2599945068359 12.5 12.5 8.65998840332031 8.65998840332031 8.67999267578125 8.67999267578125 22.3000030517578 22.3000030517578 28.8099975585938
3.760009765625 3.760009765625 6.52999877929688 6.52999877929688 7.82998657226562 7.82998657226562 17.6999969482422 17.6999969482422 22.4299926757812 22.4299926757812 16.8699951171875 16.8699951171875 19.1499938964844 19.1499938964844 20.2700042724609 20.2700042724609 17.2499847412109 17.2499847412109 20.5599822998047 20.5599822998047 19.5199890136719 19.5199890136719 17.9499969482422 17.9499969482422 13.4400024414062 13.4400024414062 13.8200073242188 13.8200073242188 21.3400115966797 21.3400115966797 18.1499938964844 18.1499938964844 18.4499969482422 18.4499969482422 18.5999908447266 18.5999908447266 20.8499908447266 20.8499908447266 11.3899993896484 11.3899993896484 0.05999755859375 0.05999755859375 24.3399963378906 24.3399963378906 22.0699920654297 22.0699920654297 23.75
3.760009765625 3.760009765625 6.52999877929688 6.52999877929688 7.82998657226562 7.82998657226562 17.6999969482422 17.6999969482422 22.4299926757812 22.4299926757812 16.8699951171875 16.8699951171875 19.1499938964844 19.1499938964844 20.2700042724609 20.2700042724609 17.2499847412109 17.2499847412109 20.5599822998047 20.5599822998047 19.5199890136719 19.5199890136719 17.9499969482422 17.9499969482422 13.4400024414062 13.4400024414062 13.8200073242188 13.8200073242188 21.3400115966797 21.3400115966797 18.1499938964844 18.1499938964844 18.4499969482422 18.4499969482422 18.5999908447266 18.5999908447266 20.8499908447266 20.8499908447266 11.3899993896484 11.3899993896484 0.05999755859375 0.05999755859375 24.3399963378906 24.3399963378906 22.0699920654297 22.0699920654297 23.75
0.779998779296875 0.779998779296875 1.46002197265625 1.46002197265625 18.1099853515625 18.1099853515625 13.3299865722656 13.3299865722656 22.1799926757812 22.1799926757812 20.8200073242188 20.8200073242188 20.3700103759766 20.3700103759766 19.5399932861328 19.5399932861328 18.9200134277344 18.9200134277344 11.8800048828125 11.8800048828125 17.4700012207031 17.4700012207031 17.6499938964844 17.6499938964844 19.7599945068359 19.7599945068359 15.1999969482422 15.1999969482422 11.3200073242188 11.3200073242188 17.489990234375 17.489990234375 7.55000305175781 7.55000305175781 18.510009765625 18.510009765625 21.1100006103516 21.1100006103516 40.8600006103516 40.8600006103516 33.9600067138672 33.9600067138672 27.9300079345703 27.9300079345703 7.15000915527344 7.15000915527344 20.1100006103516
0.779998779296875 0.779998779296875 1.46002197265625 1.46002197265625 18.1099853515625 18.1099853515625 13.3299865722656 13.3299865722656 22.1799926757812 22.1799926757812 20.8200073242188 20.8200073242188 20.3700103759766 20.3700103759766 19.5399932861328 19.5399932861328 18.9200134277344 18.9200134277344 11.8800048828125 11.8800048828125 17.4700012207031 17.4700012207031 17.6499938964844 17.6499938964844 19.7599945068359 19.7599945068359 15.1999969482422 15.1999969482422 11.3200073242188 11.3200073242188 17.489990234375 17.489990234375 7.55000305175781 7.55000305175781 18.510009765625 18.510009765625 21.1100006103516 21.1100006103516 40.8600006103516 40.8600006103516 33.9600067138672 33.9600067138672 27.9300079345703 27.9300079345703 7.15000915527344 7.15000915527344 20.1100006103516
