SensitivityAnalysis/input/C/tree-height.asc
NCOLS 300 
NROWS 300 
XLLCORNER 444160.00012207 
YLLCORNER 5640450.00012207 
CELLSIZE 5 
NODATA_value -3.4e+38 
[rows 21 to 41 of 300, columns 188 to 234 of 300]
2.70999145507812 18.8099975585938 18.8099975585938 0.25 0.25 32.6300048828125 32.6300048828125 31.7299957275391 31.7299957275391 13.6900024414062 13.6900024414062 0 0 18.0999908447266 18.0999908447266 19.7000122070312 19.7000122070312 6.66000366210938 6.66000366210938 22.3899993896484 22.3899993896484 27.6399993896484 27.6399993896484 24.25 24.25 26.8099975585938 26.8099975585938 12.75 12.75 0.0200042724609375 0.0200042724609375 16.7899932861328 16.7899932861328 34.0999908447266 34.0999908447266 17.0499877929688 17.0499877929688 6.72999572753906 6.72999572753906 22.75 22.75 8.24000549316406 8.24000549316406 17.6699981689453 17.6699981689453 18.6299896240234 18.6299896240234
2.70999145507812 18.8099975585938 18.8099975585938 0.25 0.25 32.6300048828125 32.6300048828125 31.7299957275391 31.7299957275391 13.6900024414062 13.6900024414062 0 0 18.0999908447266 18.0999908447266 19.7000122070312 19.7000122070312 6.66000366210938 6.66000366210938 22.3899993896484 22.3899993896484 27.6399993896484 27.6399993896484 24.25 24.25 26.8099975585938 26.8099975585938 12.75 12.75 0.0200042724609375 0.0200042724609375 16.7899932861328 16.7899932861328 34.0999908447266 34.0999908447266 17.0499877929688 17.0499877929688 6.72999572753906 6.72999572753906 22.75 22.75 8.24000549316406 8.24000549316406 17.6699981689453 17.6699981689453 18.6299896240234 18.6299896240234
0.729995727539062 18.1000061035156 18.1000061035156 0 0 20.5200042724609 20.5200042724609 0 0 1.14999389648438 1.14999389648438 0.610000610351562 0.610000610351562 9.36000061035156 9.36000061035156 27.9500122070312 27.9500122070312 15.3600006103516 15.3600006103516 16.0299987792969 16.0299987792969 22.8000030517578 22.8000030517578 8.09999084472656 8.09999084472656 25.0599975585938 25.0599975585938 25.7899932861328 25.7899932861328 17.4199981689453 17.4199981689453 15.5599975585938 15.5599975585938 25.5799865722656 25.5799865722656 16.0300140380859 16.0300140380859 22.5899963378906 22.5899963378906 22.8400115966797 22.8400115966797 17.8200073242188 17.8200073242188 17.2300109863281 17.2300109863281 21.3800048828125 21.3800048828125
0.729995727539062 18.1000061035156 18.1000061035156 0 0 20.5200042724609 20.5200042724609 0 0 1.14999389648438 1.14999389648438 0.610000610351562 0.610000610351562 9.36000061035156 9.36000061035156 27.9500122070312 27.9500122070312 15.3600006103516 15.3600006103516 16.0299987792969 16.0299987792969 22.8000030517578 22.8000030517578 8.09999084472656 8.09999084472656 25.0599975585938 25.0599975585938 25.7899932861328 25.7899932861328 17.4199981689453 17.4199981689453 15.5599975585938 15.5599975585938 25.5799865722656 25.5799865722656 16.0300140380859 16.0300140380859 22.5899963378906 22.5899963378906 22.8400115966797 22.8400115966797 17.8200073242188 17.8200073242188 17.2300109863281 17.2300109863281 21.3800048828125 21.3800048828125
0.029998779296875 0 0 10.6600036621094 10.6600036621094 1.25 1.25 0.0200042724609375 0.0200042724609375 1.42999267578125 1.42999267578125 1.18000793457031 1.18000793457031 7.6199951171875 7.6199951171875 27.0399932861328 27.0399932861328 0.110000610351562 0.110000610351562 27.239990234375 27.239990234375 22.0599975585938 22.0599975585938 24.1200103759766 24.1200103759766 27.4499969482422 27.4499969482422 25.9400024414062 25.9400024414062 20.1499938964844 20.1499938964844 18.8999938964844 18.8999938964844 16.3600006103516 16.3600006103516 23.0899963378906 23.0899963378906 14.8999938964844 14.8999938964844 17.3699951171875 17.3699951171875 23.7299957275391 23.7299957275391 24.3999938964844 24.3999938964844 22.4900054931641 22.4900054931641
0.029998779296875 0 0 10.6600036621094 10.6600036621094 1.25 1.25 0.0200042724609375 0.0200042724609375 1.42999267578125 1.42999267578125 1.18000793457031 1.18000793457031 7.6199951171875 7.6199951171875 27.0399932861328 27.0399932861328 0.110000610351562 0.110000610351562 27.239990234375 27.239990234375 22.0599975585938 22.0599975585938 24.1200103759766 24.1200103759766 27.4499969482422 27.4499969482422 25.9400024414062 25.9400024414062 20.1499938964844 20.1499938964844 18.8999938964844 18.8999938964844 16.3600006103516 16.3600006103516 23.0899963378906 23.0899963378906 14.8999938964844 14.8999938964844 17.3699951171875 17.3699951171875 23.7299957275391 23.7299957275391 24.3999938964844 24.3999938964844 22.4900054931641 22.4900054931641
2.34999084472656 0 0 0.1300048828125 0.1300048828125 0.180007934570312 0.180007934570312 0.580001831054688 0.580001831054688 1.35000610351562 1.35000610351562 4.91999816894531 4.91999816894531 26.2799987792969 26.2799987792969 22.0800018310547 22.0800018310547 3.58000183105469 3.58000183105469 28.6899871826172 28.6899871826172 25.0800018310547 25.0800018310547 5.01998901367188 5.01998901367188 11.6399993896484 11.6399993896484 16.5899963378906 16.5899963378906 18.3600006103516 18.3600006103516 23.1300048828125 23.1300048828125 24.5800018310547 24.5800018310547 23.2300109863281 23.2300109863281 21.1300048828125 21.1300048828125 19.0200042724609 19.0200042724609 21.3799896240234 21.3799896240234 21.0400085449219 21.0400085449219 19.8899993896484 19.8899993896484
2.34999084472656 0 0 0.1300048828125 0.1300048828125 0.180007934570312 0.180007934570312 0.580001831054688 0.580001831054688 1.35000610351562 1.35000610351562 4.91999816894531 4.91999816894531 26.2799987792969 26.2799987792969 22.0800018310547 22.0800018310547 3.58000183105469 3.58000183105469 28.6899871826172 28.6899871826172 25.0800018310547 25.0800018310547 5.01998901367188 5.01998901367188 11.6399993896484 11.6399993896484 16.5899963378906 16.5899963378906 18.3600006103516 18.3600006103516 23.1300048828125 23.1300048828125 24.5800018310547 24.5800018310547 23.2300109863281 23.2300109863281 21.1300048828125 21.1300048828125 19.0200042724609 19.0200042724609 21.3799896240234 21.3799896240234 21.0400085449219 21.0400085449219 19.8899993896484 19.8899993896484
24.3099975585938 24.0599975585938 24.0599975585938 12.4099884033203 12.4099884033203 1.42999267578125 1.42999267578125 3.22999572753906 3.22999572753906 1.03999328613281 1.03999328613281 9.80000305175781 9.80000305175781 4.69000244140625 4.69000244140625 8.61000061035156 8.61000061035156 14.2900085449219 14.2900085449219 2.25 2.25 0 0 15.8000030517578 15.8000030517578 3.16000366210938 3.16000366210938 16.4900054931641 16.4900054931641 20.5599975585938 20.5599975585938 16.8600006103516 16.8600006103516 15.989990234375 15.989990234375 18.8400115966797 18.8400115966797 27.6299896240234 27.6299896240234 7.60000610351562 7.60000610351562 19.2200012207031 19.2200012207031 17.2400054931641 17.2400054931641 10.8000030517578 10.8000030517578
24.3099975585938 24.0599975585938 24.0599975585938 12.4099884033203 12.4099884033203 1.42999267578125 1.42999267578125 3.22999572753906 3.22999572753906 1.03999328613281 1.03999328613281 9.80000305175781 9.80000305175781 4.69000244140625 4.69000244140625 8.61000061035156 8.61000061035156 14.2900085449219 14.2900085449219 2.25 2.25 0 0 15.8000030517578 15.8000030517578 3.16000366210938 3.16000366210938 16.4900054931641 16.4900054931641 20.5599975585938 20.5599975585938 16.8600006103516 16.8600006103516 15.989990234375 15.989990234375 18.8400115966797 18.8400115966797 27.6299896240234 27.6299896240234 7.60000610351562 7.60000610351562 19.2200012207031 19.2200012207031 17.2400054931641 17.2400054931641 10.8000030517578 10.8000030517578
9.07000732421875 10.0200042724609 10.0200042724609 0 0 0 0 8.60000610351562 8.60000610351562 4.50999450683594 4.50999450683594 1.43998718261719 1.43998718261719 0.439987182617188 0.439987182617188 20.7200012207031 20.7200012207031 11.4700012207031 11.4700012207031 31.0300140380859 31.0300140380859 7.1400146484375 7.1400146484375 3.37998962402344 3.37998962402344 8.11000061035156 8.11000061035156 10.9400024414062 10.9400024414062 25.6300048828125 25.6300048828125 17.7599945068359 17.7599945068359 12.4700012207031 12.4700012207031 29.9599914550781 29.9599914550781 29.0500030517578 29.0500030517578 9.41999816894531 9.41999816894531 14.1000061035156 14.1000061035156 17.6800079345703 17.6800079345703 18.6000061035156 18.6000061035156
9.07000732421875 10.0200042724609 10.0200042724609 0 0 0 0 8.60000610351562 8.60000610351562 4.50999450683594 4.50999450683594 1.43998718261719 1.43998718261719 0.439987182617188 0.439987182617188 20.7200012207031 20.7200012207031 11.4700012207031 11.4700012207031 31.0300140380859 31.0300140380859 7.1400146484375 7.1400146484375 3.37998962402344 3.37998962402344 8.11000061035156 8.11000061035156 10.9400024414062 10.9400024414062 25.6300048828125 25.6300048828125 17.7599945068359 17.7599945068359 12.4700012207031 12.4700012207031 29.9599914550781 29.9599914550781 29.0500030517578 29.0500030517578 9.41999816894531 9.41999816894531 14.1000061035156 14.1000061035156 17.6800079345703 17.6800079345703 18.6000061035156 18.6000061035156
0 24.6399993896484 24.6399993896484 19.4700012207031 19.4700012207031 15.9699859619141 15.9699859619141 15.9599914550781 15.9599914550781 15.3099975585938 15.3099975585938 12.8399963378906 12.8399963378906 27.0500030517578 27.0500030517578 18.5899963378906 18.5899963378906 30.6600036621094 30.6600036621094 35.239990234375 35.239990234375 38.8899993896484 38.8899993896484 27.8699951171875 27.8699951171875 30.8899993896484 30.8899993896484 0.1199951171875 0.1199951171875 22.0800018310547 22.0800018310547 19.2400054931641 19.2400054931641 12.2799987792969 12.2799987792969 28.3400115966797 28.3400115966797 24.4000091552734 24.4000091552734 19.4000091552734 19.4000091552734 19.4199981689453 19.4199981689453 21.0400085449219 21.0400085449219 7.31001281738281 7.31001281738281
0 24.6399993896484 24.6399993896484 19.4700012207031 19.4700012207031 15.9699859619141 15.9699859619141 15.9599914550781 15.9599914550781 15.3099975585938 15.3099975585938 12.8399963378906 12.8399963378906 27.0500030517578 27.0500030517578 18.5899963378906 18.5899963378906 30.6600036621094 30.6600036621094 35.239990234375 35.239990234375 38.8899993896484 38.8899993896484 27.8699951171875 27.8699951171875 30.8899993896484 30.8899993896484 0.1199951171875 0.1199951171875 22.0800018310547 22.0800018310547 19.2400054931641 19.2400054931641 12.2799987792969 12.2799987792969 28.3400115966797 28.3400115966797 24.4000091552734 24.4000091552734 19.4000091552734 19.4000091552734 19.4199981689453 19.4199981689453 21.0400085449219 21.0400085449219 7.31001281738281 7.31001281738281
21.0299987792969 15.8399963378906 15.8399963378906 15.7599945068359 15.7599945068359 17.25 17.25 17.9900054931641 17.9900054931641 16.9499969482422 16.9499969482422 6.14999389648438 6.14999389648438 3.05999755859375 3.05999755859375 28.2799987792969 28.2799987792969 27.0800018310547 27.0800018310547 31.5 31.5 23.5899963378906 23.5899963378906 29.0199890136719 29.0199890136719 22.9700012207031 22.9700012207031 5.38999938964844 5.38999938964844 11.7400054931641 11.7400054931641 13.0699920654297 13.0699920654297 1.05999755859375 1.05999755859375 22.5399932861328 22.5399932861328 25.0699920654297 25.0699920654297 31.6599884033203 31.6599884033203 2.36000061035156 2.36000061035156 21.1100006103516 21.1100006103516 19.5299987792969 19.5299987792969
21.0299987792969 15.8399963378906 15.8399963378906 15.7599945068359 15.7599945068359 17.25 17.25 17.9900054931641 17.9900054931641 16.9499969482422 16.9499969482422 6.14999389648438 6.14999389648438 3.05999755859375 3.05999755859375 28.2799987792969 28.2799987792969 27.0800018310547 27.0800018310547 31.5 31.5 23.5899963378906 23.5899963378906 29.0199890136719 29.0199890136719 22.9700012207031 22.9700012207031 5.38999938964844 5.38999938964844 11.7400054931641 11.7400054931641 13.0699920654297 13.0699920654297 1.05999755859375 1.05999755859375 22.5399932861328 22.5399932861328 25.0699920654297 25.0699920654297 31.6599884033203 31.6599884033203 2.36000061035156 2.36000061035156 21.1100006103516 21.1100006103516 19.5299987792969 19.5299987792969
24.1199951171875 15.5999908447266 15.5999908447266 16.4900054931641 16.4900054931641 20.6799926757812 20.6799926757812 18.8800048828125 18.8800048828125 18.8599853515625 18.8599853515625 14.75 14.75 8.74000549316406 8.74000549316406 16.0899963378906 16.0899963378906 7.74000549316406 7.74000549316406 26.1000061035156 26.1000061035156 29.6799926757812 29.6799926757812 23.2799987792969 23.2799987792969 15.239990234375 15.239990234375 1.58000183105469 1.58000183105469 19.3199920654297 19.3199920654297 26.2400054931641 26.2400054931641 4.11000061035156 4.11000061035156 8.74000549316406 8.74000549316406 14.1299896240234 14.1299896240234 32.6399993896484 32.6399993896484 27.260009765625 27.260009765625 31.7400054931641 31.7400054931641 8.760009765625 8.760009765625
24.1199951171875 15.5999908447266 15.5999908447266 16.4900054931641 16.4900054931641 20.6799926757812 20.6799926757812 18.8800048828125 18.8800048828125 18.8599853515625 18.8599853515625 14.75 14.75 8.74000549316406 8.74000549316406 16.0899963378906 16.0899963378906 7.74000549316406 7.74000549316406 26.1000061035156 26.1000061035156 29.6799926757812 29.6799926757812 23.2799987792969 23.2799987792969 15.239990234375 15.239990234375 1.58000183105469 1.58000183105469 19.3199920654297 19.3199920654297 26.2400054931641 26.2400054931641 4.11000061035156 4.11000061035156 8.74000549316406 8.74000549316406 14.1299896240234 14.1299896240234 32.6399993896484 32.6399993896484 27.260009765625 27.260009765625 31.7400054931641 31.7400054931641 8.760009765625 8.760009765625
2.1300048828125 9.65000915527344 9.65000915527344 19.0800018310547 19.0800018310547 23.0699920654297 23.0699920654297 16.8500061035156 16.8500061035156 18.7699890136719 18.7699890136719 19.5999908447266 19.5999908447266 2.32998657226562 2.32998657226562 10.5900115966797 10.5900115966797 5.10000610351562 5.10000610351562 12.7599945068359 12.7599945068359 5.08999633789062 5.08999633789062 19.0199890136719 19.0199890136719 24.0899963378906 24.0899963378906 4.53999328613281 4.53999328613281 30.3399963378906 30.3399963378906 11.1100006103516 11.1100006103516 0.6300048828125 0.6300048828125 0.779998779296875 0.779998779296875 0 0 21.6800079345703 21.6800079345703 16.1399993896484 16.1399993896484 27.6699981689453 27.6699981689453 30.9100036621094 30.9100036621094
2.1300048828125 9.65000915527344 9.65000915527344 19.0800018310547 19.0800018310547 23.0699920654297 23.0699920654297 16.8500061035156 16.8500061035156 18.7699890136719 18.7699890136719 19.5999908447266 19.5999908447266 2.32998657226562 2.32998657226562 10.5900115966797 10.5900115966797 5.10000610351562 5.10000610351562 12.7599945068359 12.7599945068359 5.08999633789062 5.08999633789062 19.0199890136719 19.0199890136719 24.0899963378906 24.0899963378906 4.53999328613281 4.53999328613281 30.3399963378906 30.3399963378906 11.1100006103516 11.1100006103516 0.6300048828125 0.6300048828125 0.779998779296875 0.779998779296875 0 0 21.6800079345703 21.6800079345703 16.1399993896484 16.1399993896484 27.6699981689453 27.6699981689453 30.9100036621094 30.9100036621094
6.49000549316406 16.3100128173828 16.3100128173828 19.3699951171875 19.3699951171875 17.9600067138672 17.9600067138672 18.8700103759766 18.8700103759766 20.7599945068359 20.7599945068359 8 8 7.53999328613281 7.53999328613281 14.0999908447266 14.0999908447266 15.4400024414062 15.4400024414062 26.3200073242188 26.3200073242188 32.3099975585938 32.3099975585938 31.6999969482422 31.6999969482422 28.1100006103516 28.1100006103516 25.25 25.25 29.5 29.5 9.55000305175781 9.55000305175781 10.4600067138672 10.4600067138672 2.39999389648438 2.39999389648438 26.0700073242188 26.0700073242188 21.8899993896484 21.8899993896484 21.3899993896484 21.3899993896484 32.9399871826172 32.9399871826172 35.2699890136719 35.2699890136719
