SensitivityAnalysis/input/D/tree-height.asc
NCOLS 300 
NROWS 300 
XLLCORNER 450630.00012207 
YLLCORNER 5640600.00012207 
CELLSIZE 5 
NODATA_value -3.4e+38 
[rows 0 to 20 of 300, columns 188 to 234 of 300]
28.4700012207031 30.0800170898438 30.0800170898438 1.16998291015625 1.16998291015625 10.8200073242188 10.8200073242188 12.9700012207031 12.9700012207031 12.8300170898438 12.8300170898438 9.53999328613281 9.53999328613281 15.7000122070312 15.7000122070312 5.79998779296875 5.79998779296875 0 0 0 0 13.9999847412109 13.9999847412109 20.6500091552734 20.6500091552734 19.4199981689453 19.4199981689453 22.2400054931641 22.2400054931641 22.5400085449219 22.5400085449219 27.0599975585938 27.0599975585938 21.2599945068359 21.2599945068359 8.70999145507812 8.70999145507812 15.9700012207031 15.9700012207031 0.230010986328125 0.230010986328125 0.0399932861328125 0.0399932861328125 0 0 1.71000671386719 1.71000671386719
3.02999877929688 26.1900024414062 26.1900024414062 11.3599853515625 11.3599853515625 14.77001953125 14.77001953125 4.66000366210938 4.66000366210938 34.0699920654297 34.0699920654297 33.2899932861328 33.2899932861328 33.0899963378906 33.0899963378906 0.0699920654296875 0.0699920654296875 0 0 2.85000610351562 2.85000610351562 12.5500183105469 12.5500183105469 5.74000549316406 5.74000549316406 22.8500061035156 22.8500061035156 0.649993896484375 0.649993896484375 2.43997192382812 2.43997192382812 30.6499938964844 30.6499938964844 25.9000091552734 25.9000091552734 13.0299987792969 13.0299987792969 3.55000305175781 3.55000305175781 25.7299957275391 25.7299957275391 0.310012817382812 0.310012817382812 0 0 0.019989013671875 0.019989013671875
3.02999877929688 26.1900024414062 26.1900024414062 11.3599853515625 11.3599853515625 14.77001953125 14.77001953125 4.66000366210938 4.66000366210938 34.0699920654297 34.0699920654297 33.2899932861328 33.2899932861328 33.0899963378906 33.0899963378906 0.0699920654296875 0.0699920654296875 0 0 2.85000610351562 2.85000610351562 12.5500183105469 12.5500183105469 5.74000549316406 5.74000549316406 22.8500061035156 22.8500061035156 0.649993896484375 0.649993896484375 2.43997192382812 2.43997192382812 30.6499938964844 30.6499938964844 25.9000091552734 25.9000091552734 13.0299987792969 13.0299987792969 3.55000305175781 3.55000305175781 25.7299957275391 25.7299957275391 0.310012817382812 0.310012817382812 0 0 0.019989013671875 0.019989013671875
25.8699951171875 29.8800048828125 29.8800048828125 22.3399963378906 22.3399963378906 12.3999938964844 12.3999938964844 32.25 32.25 34.9000091552734 34.9000091552734 35.6299896240234 35.6299896240234 10.8000030517578 10.8000030517578 0.610000610351562 0.610000610351562 0 0 29.8100128173828 29.8100128173828 21.1499938964844 21.1499938964844 18.2799835205078 18.2799835205078 26.1900024414062 26.1900024414062 20.3500061035156 20.3500061035156 2.489990234375 2.489990234375 26.0700073242188 26.0700073242188 34.8800048828125 34.8800048828125 21.5999908447266 21.5999908447266 5.17999267578125 5.17999267578125 22.0799865722656 22.0799865722656 30.4599914550781 30.4599914550781 0 0 0.0600128173828125 0.0600128173828125
25.8699951171875 29.8800048828125 29.8800048828125 22.3399963378906 22.3399963378906 12.3999938964844 12.3999938964844 32.25 32.25 34.9000091552734 34.9000091552734 35.6299896240234 35.6299896240234 10.8000030517578 10.8000030517578 0.610000610351562 0.610000610351562 0 0 29.8100128173828 29.8100128173828 21.1499938964844 21.1499938964844 18.2799835205078 18.2799835205078 26.1900024414062 26.1900024414062 20.3500061035156 20.3500061035156 2.489990234375 2.489990234375 26.0700073242188 26.0700073242188 34.8800048828125 34.8800048828125 21.5999908447266 21.5999908447266 5.17999267578125 5.17999267578125 22.0799865722656 22.0799865722656 30.4599914550781 30.4599914550781 0 0 0.0600128173828125 0.0600128173828125
23.4299926757812 29.2000122070312 29.2000122070312 30.9100036621094 30.9100036621094 33.7299957275391 33.7299957275391 31.4700012207031 31.4700012207031 35.0800018310547 35.0800018310547 19.8799896240234 19.8799896240234 25.2200164794922 25.2200164794922 4.27999877929688 4.27999877929688 26.4499969482422 26.4499969482422 19.6900024414062 19.6900024414062 22.8100128173828 22.8100128173828 33.510009765625 33.510009765625 15.7000122070312 15.7000122070312 11.4099731445312 11.4099731445312 15.6800231933594 15.6800231933594 23.4700012207031 23.4700012207031 21.6799926757812 21.6799926757812 11.7099914550781 11.7099914550781 35.4799957275391 35.4799957275391 34.7299957275391 34.7299957275391 30.8999938964844 30.8999938964844 39.4400024414062 39.4400024414062 0 0
23.4299926757812 29.2000122070312 29.2000122070312 30.9100036621094 30.9100036621094 33.7299957275391 33.7299957275391 31.4700012207031 31.4700012207031 35.0800018310547 35.0800018310547 19.8799896240234 19.8799896240234 25.2200164794922 25.2200164794922 4.27999877929688 4.27999877929688 26.4499969482422 26.4499969482422 19.6900024414062 19.6900024414062 22.8100128173828 22.8100128173828 33.510009765625 33.510009765625 15.7000122070312 15.7000122070312 11.4099731445312 11.4099731445312 15.6800231933594 15.6800231933594 23.4700012207031 23.4700012207031 21.6799926757812 21.6799926757812 11.7099914550781 11.7099914550781 35.4799957275391 35.4799957275391 34.7299957275391 34.7299957275391 30.8999938964844 30.8999938964844 39.4400024414062 39.4400024414062 0 0
29.3600158691406 26.8399810791016 26.8399810791016 29.6199798583984 29.6199798583984 32.2199859619141 32.2199859619141 32.6200103759766 32.6200103759766 20.5899810791016 20.5899810791016 22.1599884033203 22.1599884033203 13.8999938964844 13.8999938964844 21.5400085449219 21.5400085449219 20.7899932861328 20.7899932861328 19.5900268554688 19.5900268554688 6.87997436523438 6.87997436523438 18.0700073242188 18.0700073242188 0 0 6.1199951171875 6.1199951171875 9.85000610351562 9.85000610351562 0.52001953125 0.52001953125 27.3299865722656 27.3299865722656 21.75 21.75 7 7 7.69999694824219 7.69999694824219 20.1100006103516 20.1100006103516 30.4499969482422 30.4499969482422 22.3099975585938 22.3099975585938
29.3600158691406 26.8399810791016 26.8399810791016 29.6199798583984 29.6199798583984 32.2199859619141 32.2199859619141 32.6200103759766 32.6200103759766 20.5899810791016 20.5899810791016 22.1599884033203 22.1599884033203 13.8999938964844 13.8999938964844 21.5400085449219 21.5400085449219 20.7899932861328 20.7899932861328 19.5900268554688 19.5900268554688 6.87997436523438 6.87997436523438 18.0700073242188 18.0700073242188 0 0 6.1199951171875 6.1199951171875 9.85000610351562 9.85000610351562 0.52001953125 0.52001953125 27.3299865722656 27.3299865722656 21.75 21.75 7 7 7.69999694824219 7.69999694824219 20.1100006103516 20.1100006103516 30.4499969482422 30.4499969482422 22.3099975585938 22.3099975585938
26.2899932861328 21.1699981689453 21.1699981689453 9.21000671386719 9.21000671386719 35.9199981689453 35.9199981689453 23.0699920654297 23.0699920654297 15.0599975585938 15.0599975585938 0.25 0.25 27.5299987792969 27.5299987792969 3.88999938964844 3.88999938964844 6.760009765625 6.760009765625 19.9700012207031 19.9700012207031 11.0099792480469 11.0099792480469 15.7400207519531 15.7400207519531 12.4599914550781 12.4599914550781 22.5299987792969 22.5299987792969 4.08999633789062 4.08999633789062 8.42001342773438 8.42001342773438 31.6499938964844 31.6499938964844 11.5299987792969 11.5299987792969 3.95001220703125 3.95001220703125 19.4300231933594 19.4300231933594 30.9400024414062 30.9400024414062 6.33999633789062 6.33999633789062 22.1800079345703 22.1800079345703
26.2899932861328 21.1699981689453 21.1699981689453 9.21000671386719 9.21000671386719 35.9199981689453 35.9199981689453 23.0699920654297 23.0699920654297 15.0599975585938 15.0599975585938 0.25 0.25 27.5299987792969 27.5299987792969 3.88999938964844 3.88999938964844 6.760009765625 6.760009765625 19.9700012207031 19.9700012207031 11.0099792480469 11.0099792480469 15.7400207519531 15.7400207519531 12.4599914550781 12.4599914550781 22.5299987792969 22.5299987792969 4.08999633789062 4.08999633789062 8.42001342773438 8.42001342773438 31.6499938964844 31.6499938964844 11.5299987792969 11.5299987792969 3.95001220703125 3.95001220703125 19.4300231933594 19.4300231933594 30.9400024414062 30.9400024414062 6.33999633789062 6.33999633789062 22.1800079345703 22.1800079345703
31.1599884033203 0.389999389648438 0.389999389648438 26.8499908447266 26.8499908447266 19.9799957275391 19.9799957275391 12.9199981689453 12.9199981689453 7.38999938964844 7.38999938964844 11.2200164794922 11.2200164794922 22.8099822998047 22.8099822998047 22.72998046875 22.72998046875 24.9400024414062 24.9400024414062 11.3099975585938 11.3099975585938 3.64999389648438 3.64999389648438 18.7300109863281 18.7300109863281 9.76998901367188 9.76998901367188 20.1499938964844 20.1499938964844 20.8599853515625 20.8599853515625 9.23001098632812 9.23001098632812 21.2900085449219 21.2900085449219 28.2999877929688 28.2999877929688 28.8400268554688 28.8400268554688 24.7200012207031 24.7200012207031 33.1299743652344 33.1299743652344 29.5899963378906 29.5899963378906 11.9599914550781 11.9599914550781
31.1599884033203 0.389999389648438 0.389999389648438 26.8499908447266 26.8499908447266 19.9799957275391 19.9799957275391 12.9199981689453 12.9199981689453 7.38999938964844 7.38999938964844 11.2200164794922 11.2200164794922 22.8099822998047 22.8099822998047 22.72998046875 22.72998046875 24.9400024414062 24.9400024414062 11.3099975585938 11.3099975585938 3.64999389648438 3.64999389648438 18.7300109863281 18.7300109863281 9.76998901367188 9.76998901367188 20.1499938964844 20.1499938964844 20.8599853515625 20.8599853515625 9.23001098632812 9.23001098632812 21.2900085449219 21.2900085449219 28.2999877929688 28.2999877929688 28.8400268554688 28.8400268554688 24.7200012207031 24.7200012207031 33.1299743652344 33.1299743652344 29.5899963378906 29.5899963378906 11.9599914550781 11.9599914550781
37.7100067138672 0.42999267578125 0.42999267578125 37.0599975585938 37.0599975585938 20.2000122070312 20.2000122070312 0 0 8.79998779296875 8.79998779296875 0.189987182617188 0.189987182617188 16.0700073242188 16.0700073242188 26.3300170898438 26.3300170898438 24.4100036621094 24.4100036621094 7.22998046875 7.22998046875 17.0199890136719 17.0199890136719 20.9299926757812 20.9299926757812 14.6799926757812 14.6799926757812 27.2100219726562 27.2100219726562 23.5799865722656 23.5799865722656 15.6200256347656 15.6200256347656 8.28997802734375 8.28997802734375 8.40997314453125 8.40997314453125 31.9599914550781 31.9599914550781 22.4400024414062 22.4400024414062 20.760009765625 20.760009765625 28.7100219726562 28.7100219726562 17.489990234375 17.489990234375
37.7100067138672 0.42999267578125 0.42999267578125 37.0599975585938 37.0599975585938 20.2000122070312 20.2000122070312 0 0 8.79998779296875 8.79998779296875 0.189987182617188 0.189987182617188 16.0700073242188 16.0700073242188 26.3300170898438 26.3300170898438 24.4100036621094 24.4100036621094 7.22998046875 7.22998046875 17.0199890136719 17.0199890136719 20.9299926757812 20.9299926757812 14.6799926757812 14.6799926757812 27.2100219726562 27.2100219726562 23.5799865722656 23.5799865722656 15.6200256347656 15.6200256347656 8.28997802734375 8.28997802734375 8.40997314453125 8.40997314453125 31.9599914550781 31.9599914550781 22.4400024414062 22.4400024414062 20.760009765625 20.760009765625 28.7100219726562 28.7100219726562 17.489990234375 17.489990234375
13.6300048828125 14.6499938964844 14.6499938964844 0 0 0.0500030517578125 0.0500030517578125 24.8000030517578 24.8000030517578 19.6199951171875 19.6199951171875 20.3999938964844 20.3999938964844 7.72000122070312 7.72000122070312 24.3399963378906 24.3399963378906 6.76998901367188 6.76998901367188 6.52001953125 6.52001953125 23.4200134277344 23.4200134277344 16.9599914550781 16.9599914550781 10.4400024414062 10.4400024414062 20 20 3.19000244140625 3.19000244140625 24.8699951171875 24.8699951171875 11.0799865722656 11.0799865722656 25.1400146484375 25.1400146484375 10.8600158691406 10.8600158691406 14.2699890136719 14.2699890136719 28.6200256347656 28.6200256347656 25.9199829101562 25.9199829101562 14.4700012207031 14.4700012207031
13.6300048828125 14.6499938964844 14.6499938964844 0 0 0.0500030517578125 0.0500030517578125 24.8000030517578 24.8000030517578 19.6199951171875 19.6199951171875 20.3999938964844 20.3999938964844 7.72000122070312 7.72000122070312 24.3399963378906 24.3399963378906 6.76998901367188 6.76998901367188 6.52001953125 6.52001953125 23.4200134277344 23.4200134277344 16.9599914550781 16.9599914550781 10.4400024414062 10.4400024414062 20 20 3.19000244140625 3.19000244140625 24.8699951171875 24.8699951171875 11.0799865722656 11.0799865722656 25.1400146484375 25.1400146484375 10.8600158691406 10.8600158691406 14.2699890136719 14.2699890136719 28.6200256347656 28.6200256347656 25.9199829101562 25.9199829101562 14.4700012207031 14.4700012207031
24.7099914550781 0 0 1.08999633789062 1.08999633789062 17.6299896240234 17.6299896240234 13.9799957275391 13.9799957275391 20.2999877929688 20.2999877929688 12.4100036621094 12.4100036621094 13.9200134277344 13.9200134277344 7.82000732421875 7.82000732421875 16.9700012207031 16.9700012207031 6.75 6.75 20.8599853515625 20.8599853515625 20.8399963378906 20.8399963378906 23.0899963378906 23.0899963378906 19.4200134277344 19.4200134277344 0.15997314453125 0.15997314453125 17.010009765625 17.010009765625 24.6000061035156 24.6000061035156 29.1999816894531 29.1999816894531 22.8200073242188 22.8200073242188 20.4500122070312 20.4500122070312 30.7900085449219 30.7900085449219 26.989990234375 26.989990234375 26.5999755859375 26.5999755859375
24.7099914550781 0 0 1.08999633789062 1.08999633789062 17.6299896240234 17.6299896240234 13.9799957275391 13.9799957275391 20.2999877929688 20.2999877929688 12.4100036621094 12.4100036621094 13.9200134277344 13.9200134277344 7.82000732421875 7.82000732421875 16.9700012207031 16.9700012207031 6.75 6.75 20.8599853515625 20.8599853515625 20.8399963378906 20.8399963378906 23.0899963378906 23.0899963378906 19.4200134277344 19.4200134277344 0.15997314453125 0.15997314453125 17.010009765625 17.010009765625 24.6000061035156 24.6000061035156 29.1999816894531 29.1999816894531 22.8200073242188 22.8200073242188 20.4500122070312 20.4500122070312 30.7900085449219 30.7900085449219 26.989990234375 26.989990234375 26.5999755859375 26.5999755859375
0.540008544921875 4.80999755859375 4.80999755859375 22.0899810791016 22.0899810791016 7.72998046875 7.72998046875 20.2200012207031 20.2200012207031 18.0299987792969 18.0299987792969 17.5800170898438 17.5800170898438 27.1000061035156 27.1000061035156 23.8000183105469 23.8000183105469 6.55999755859375 6.55999755859375 11.6199951171875 11.6199951171875 18.9400024414062 18.9400024414062 7.29998779296875 7.29998779296875 20.4500122070312 20.4500122070312 21.6300048828125 21.6300048828125 17.1099853515625 17.1099853515625 19.0599975585938 19.0599975585938 29.8999938964844 29.8999938964844 16.6799926757812 16.6799926757812 29.1999816894531 29.1999816894531 35.6799926757812 35.6799926757812 13.9200134277344 13.9200134277344 24.8899841308594 24.8899841308594 27.8699951171875 27.8699951171875
0.540008544921875 4.80999755859375 4.80999755859375 22.0899810791016 22.0899810791016 7.72998046875 7.72998046875 20.2200012207031 20.2200012207031 18.0299987792969 18.0299987792969 17.5800170898438 17.5800170898438 27.1000061035156 27.1000061035156 23.8000183105469 23.8000183105469 6.55999755859375 6.55999755859375 11.6199951171875 11.6199951171875 18.9400024414062 18.9400024414062 7.29998779296875 7.29998779296875 20.4500122070312 20.4500122070312 21.6300048828125 21.6300048828125 17.1099853515625 17.1099853515625 19.0599975585938 19.0599975585938 29.8999938964844 29.8999938964844 16.6799926757812 16.6799926757812 29.1999816894531 29.1999816894531 35.6799926757812 35.6799926757812 13.9200134277344 13.9200134277344 24.8899841308594 24.8899841308594 27.8699951171875 27.8699951171875
