SensitivityAnalysis/input/D/tree-height.asc
NCOLS 300 
NROWS 300 
XLLCORNER 450630.00012207 
YLLCORNER 5640600.00012207 
CELLSIZE 5 
NODATA_value -3.4e+38 
[rows 231 to 251 of 300, columns 188 to 234 of 300]
15.7100067138672 2.84001159667969 2.84001159667969 3.99002075195312 3.99002075195312 4.58999633789062 4.58999633789062 6.83001708984375 6.83001708984375 4.22000122070312 4.22000122070312 4.04998779296875 4.04998779296875 2.1300048828125 2.1300048828125 6.6199951171875 6.6199951171875 13.5499877929688 13.5499877929688 0.089996337890625 0.089996337890625 17.6400146484375 17.6400146484375 24.0400085449219 24.0400085449219 22.3099975585938 22.3099975585938 17.9700012207031 17.9700012207031 10.0500183105469 10.0500183105469 19.9500122070312 19.9500122070312 8.5 8.5 7.39999389648438 7.39999389648438 9.19998168945312 9.19998168945312 1.23001098632812 1.23001098632812 26.5599975585938 26.5599975585938 21.5500183105469 21.5500183105469 26.1099853515625 26.1099853515625
15.7100067138672 2.84001159667969 2.84001159667969 3.99002075195312 3.99002075195312 4.58999633789062 4.58999633789062 6.83001708984375 6.83001708984375 4.22000122070312 4.22000122070312 4.04998779296875 4.04998779296875 2.1300048828125 2.1300048828125 6.6199951171875 6.6199951171875 13.5499877929688 13.5499877929688 0.089996337890625 0.089996337890625 17.6400146484375 17.6400146484375 24.0400085449219 24.0400085449219 22.3099975585938 22.3099975585938 17.9700012207031 17.9700012207031 10.0500183105469 10.0500183105469 19.9500122070312 19.9500122070312 8.5 8.5 7.39999389648438 7.39999389648438 9.19998168945312 9.19998168945312 1.23001098632812 1.23001098632812 26.5599975585938 26.5599975585938 21.5500183105469 21.5500183105469 26.1099853515625 26.1099853515625
19.5800018310547 5.69000244140625 5.69000244140625 4.77000427246094 4.77000427246094 4.14999389648438 4.14999389648438 0.6099853515625 0.6099853515625 4.87997436523438 4.87997436523438 3.760009765625 3.760009765625 8.010009765625 8.010009765625 0.77001953125 0.77001953125 14.6900024414062 14.6900024414062 14.9100036621094 14.9100036621094 15.0499877929688 15.0499877929688 20.5900268554688 20.5900268554688 21.510009765625 21.510009765625 16.75 16.75 6.10000610351562 6.10000610351562 0.030029296875 0.030029296875 3.8699951171875 3.8699951171875 0.649993896484375 0.649993896484375 11.4400024414062 11.4400024414062 3.8800048828125 3.8800048828125 4.27999877929688 4.27999877929688 14.1199951171875 14.1199951171875 22.4700012207031 22.4700012207031
19.5800018310547 5.69000244140625 5.69000244140625 4.77000427246094 4.77000427246094 4.14999389648438 4.14999389648438 0.6099853515625 0.6099853515625 4.87997436523438 4.87997436523438 3.760009765625 3.760009765625 8.010009765625 8.010009765625 0.77001953125 0.77001953125 14.6900024414062 14.6900024414062 14.9100036621094 14.9100036621094 15.0499877929688 15.0499877929688 20.5900268554688 20.5900268554688 21.510009765625 21.510009765625 16.75 16.75 6.10000610351562 6.10000610351562 0.030029296875 0.030029296875 3.8699951171875 3.8699951171875 0.649993896484375 0.649993896484375 11.4400024414062 11.4400024414062 3.8800048828125 3.8800048828125 4.27999877929688 4.27999877929688 14.1199951171875 14.1199951171875 22.4700012207031 22.4700012207031
4.1300048828125 3.47999572753906 3.47999572753906 7.04000854492188 7.04000854492188 5.38999938964844 5.38999938964844 9.79998779296875 9.79998779296875 2.3599853515625 2.3599853515625 1.68002319335938 1.68002319335938 5 5 10.6999816894531 10.6999816894531 7.39999389648438 7.39999389648438 16.3500061035156 16.3500061035156 17.0099792480469 17.0099792480469 9.55999755859375 9.55999755859375 17.0599975585938 17.0599975585938 18.1000061035156 18.1000061035156 12.6900024414062 12.6900024414062 15.7999877929688 15.7999877929688 12.6199951171875 12.6199951171875 9.760009765625 9.760009765625 13.0299987792969 13.0299987792969 18.6699829101562 18.6699829101562 11.47998046875 11.47998046875 16.5700073242188 16.5700073242188 9.85000610351562 9.85000610351562
4.1300048828125 3.47999572753906 3.47999572753906 7.04000854492188 7.04000854492188 5.38999938964844 5.38999938964844 9.79998779296875 9.79998779296875 2.3599853515625 2.3599853515625 1.68002319335938 1.68002319335938 5 5 10.6999816894531 10.6999816894531 7.39999389648438 7.39999389648438 16.3500061035156 16.3500061035156 17.0099792480469 17.0099792480469 9.55999755859375 9.55999755859375 17.0599975585938 17.0599975585938 18.1000061035156 18.1000061035156 12.6900024414062 12.6900024414062 15.7999877929688 15.7999877929688 12.6199951171875 12.6199951171875 9.760009765625 9.760009765625 13.0299987792969 13.0299987792969 18.6699829101562 18.6699829101562 11.47998046875 11.47998046875 16.5700073242188 16.5700073242188 9.85000610351562 9.85000610351562
5.75999450683594 7.40998840332031 7.40998840332031 6.67001342773438 6.67001342773438 6.95999145507812 6.95999145507812 10.1700134277344 10.1700134277344 1.239990234375 1.239990234375 6.72000122070312 6.72000122070312 1.30999755859375 1.30999755859375 17.239990234375 17.239990234375 17.4599914550781 17.4599914550781 1.35000610351562 1.35000610351562 10.3000183105469 10.3000183105469 15.5199890136719 15.5199890136719 5.08999633789062 5.08999633789062 21.4100036621094 21.4100036621094 11.8900146484375 11.8900146484375 7.16998291015625 7.16998291015625 13.7999877929688 13.7999877929688 6.66000366210938 6.66000366210938 3.29998779296875 3.29998779296875 17.0099792480469 17.0099792480469 19.8200073242188 19.8200073242188 5.32000732421875 5.32000732421875 7.07998657226562 7.07998657226562
5.75999450683594 7.40998840332031 7.40998840332031 6.67001342773438 6.67001342773438 6.95999145507812 6.95999145507812 10.1700134277344 10.1700134277344 1.239990234375 1.239990234375 6.72000122070312 6.72000122070312 1.30999755859375 1.30999755859375 17.239990234375 17.239990234375 17.4599914550781 17.4599914550781 1.35000610351562 1.35000610351562 10.3000183105469 10.3000183105469 15.5199890136719 15.5199890136719 5.08999633789062 5.08999633789062 21.4100036621094 21.4100036621094 11.8900146484375 11.8900146484375 7.16998291015625 7.16998291015625 13.7999877929688 13.7999877929688 6.66000366210938 6.66000366210938 3.29998779296875 3.29998779296875 17.0099792480469 17.0099792480469 19.8200073242188 19.8200073242188 5.32000732421875 5.32000732421875 7.07998657226562 7.07998657226562
7.20999145507812 4.46998596191406 4.46998596191406 8.77999877929688 8.77999877929688 3.66999816894531 3.66999816894531 7.44000244140625 7.44000244140625 7.3699951171875 7.3699951171875 8.73001098632812 8.73001098632812 6.73001098632812 6.73001098632812 7.08001708984375 7.08001708984375 7.58999633789062 7.58999633789062 19.3599853515625 19.3599853515625 6.25997924804688 6.25997924804688 17.5 17.5 14.1300048828125 14.1300048828125 10.6099853515625 10.6099853515625 0.42999267578125 0.42999267578125 14.239990234375 14.239990234375 15.4800109863281 15.4800109863281 14.1399841308594 14.1399841308594 14.7799987792969 14.7799987792969 14.6900024414062 14.6900024414062 9.55999755859375 9.55999755859375 0.80999755859375 0.80999755859375 3.09002685546875 3.09002685546875
7.20999145507812 4.46998596191406 4.46998596191406 8.77999877929688 8.77999877929688 3.66999816894531 3.66999816894531 7.44000244140625 7.44000244140625 7.3699951171875 7.3699951171875 8.73001098632812 8.73001098632812 6.73001098632812 6.73001098632812 7.08001708984375 7.08001708984375 7.58999633789062 7.58999633789062 19.3599853515625 19.3599853515625 6.25997924804688 6.25997924804688 17.5 17.5 14.1300048828125 14.1300048828125 10.6099853515625 10.6099853515625 0.42999267578125 0.42999267578125 14.239990234375 14.239990234375 15.4800109863281 15.4800109863281 14.1399841308594 14.1399841308594 14.7799987792969 14.7799987792969 14.6900024414062 14.6900024414062 9.55999755859375 9.55999755859375 0.80999755859375 0.80999755859375 3.09002685546875 3.09002685546875
5.19999694824219 7.11000061035156 7.11000061035156 7.89999389648438 7.89999389648438 2.62998962402344 2.62998962402344 5.97000122070312 5.97000122070312 2.23001098632812 2.23001098632812 8.84002685546875 8.84002685546875 1.010009765625 1.010009765625 3.66000366210938 3.66000366210938 8.1199951171875 8.1199951171875 14.75 14.75 9.16998291015625 9.16998291015625 13.7200012207031 13.7200012207031 10.5 10.5 15.8599853515625 15.8599853515625 19.8699951171875 19.8699951171875 16.260009765625 16.260009765625 0.209991455078125 0.209991455078125 7.60000610351562 7.60000610351562 1.82000732421875 1.82000732421875 13.8699951171875 13.8699951171875 11.7799987792969 11.7799987792969 19.8400268554688 19.8400268554688 21.4599914550781 21.4599914550781
5.19999694824219 7.11000061035156 7.11000061035156 7.89999389648438 7.89999389648438 2.62998962402344 2.62998962402344 5.97000122070312 5.97000122070312 2.23001098632812 2.23001098632812 8.84002685546875 8.84002685546875 1.010009765625 1.010009765625 3.66000366210938 3.66000366210938 8.1199951171875 8.1199951171875 14.75 14.75 9.16998291015625 9.16998291015625 13.7200012207031 13.7200012207031 10.5 10.5 15.8599853515625 15.8599853515625 19.8699951171875 19.8699951171875 16.260009765625 16.260009765625 0.209991455078125 0.209991455078125 7.60000610351562 7.60000610351562 1.82000732421875 1.82000732421875 13.8699951171875 13.8699951171875 11.7799987792969 11.7799987792969 19.8400268554688 19.8400268554688 21.4599914550781 21.4599914550781
6.86000061035156 7.27000427246094 7.27000427246094 7.1199951171875 7.1199951171875 4.39999389648438 4.39999389648438 7.19000244140625 7.19000244140625 7.07000732421875 7.07000732421875 7.87997436523438 7.87997436523438 7.75997924804688 7.75997924804688 1.64999389648438 1.64999389648438 4.94998168945312 4.94998168945312 11.5900268554688 11.5900268554688 11.1300048828125 11.1300048828125 13.4599914550781 13.4599914550781 6.41000366210938 6.41000366210938 10.1900024414062 10.1900024414062 11.4700012207031 11.4700012207031 12.4600219726562 12.4600219726562 8.08001708984375 8.08001708984375 15.9700012207031 15.9700012207031 6.25 6.25 1.20999145507812 1.20999145507812 12.2900085449219 12.2900085449219 10.489990234375 10.489990234375 21.7099914550781 21.7099914550781
6.86000061035156 7.27000427246094 7.27000427246094 7.1199951171875 7.1199951171875 4.39999389648438 4.39999389648438 7.19000244140625 7.19000244140625 7.07000732421875 7.07000732421875 7.87997436523438 7.87997436523438 7.75997924804688 7.75997924804688 1.64999389648438 1.64999389648438 4.94998168945312 4.94998168945312 11.5900268554688 11.5900268554688 11.1300048828125 11.1300048828125 13.4599914550781 13.4599914550781 6.41000366210938 6.41000366210938 10.1900024414062 10.1900024414062 11.4700012207031 11.4700012207031 12.4600219726562 12.4600219726562 8.08001708984375 8.08001708984375 15.9700012207031 15.9700012207031 6.25 6.25 1.20999145507812 1.20999145507812 12.2900085449219 12.2900085449219 10.489990234375 10.489990234375 21.7099914550781 21.7099914550781
1.57000732421875 7.39999389648438 7.39999389648438 5.30999755859375 5.30999755859375 4.04000854492188 4.04000854492188 9.22000122070312 9.22000122070312 2.739990234375 2.739990234375 2.29000854492188 2.29000854492188 2.47000122070312 2.47000122070312 2.760009765625 2.760009765625 6.61001586914062 6.61001586914062 5.08001708984375 5.08001708984375 10.1600036621094 10.1600036621094 0.839996337890625 0.839996337890625 1.5999755859375 1.5999755859375 8.79000854492188 8.79000854492188 5.3699951171875 5.3699951171875 7.25 7.25 2.91998291015625 2.91998291015625 1.14999389648438 1.14999389648438 8.8599853515625 8.8599853515625 14.8299865722656 14.8299865722656 1.5 1.5 29.5199890136719 29.5199890136719 16.3399963378906 16.3399963378906
1.57000732421875 7.39999389648438 7.39999389648438 5.30999755859375 5.30999755859375 4.04000854492188 4.04000854492188 9.22000122070312 9.22000122070312 2.739990234375 2.739990234375 2.29000854492188 2.29000854492188 2.47000122070312 2.47000122070312 2.760009765625 2.760009765625 6.61001586914062 6.61001586914062 5.08001708984375 5.08001708984375 10.1600036621094 10.1600036621094 0.839996337890625 0.839996337890625 1.5999755859375 1.5999755859375 8.79000854492188 8.79000854492188 5.3699951171875 5.3699951171875 7.25 7.25 2.91998291015625 2.91998291015625 1.14999389648438 1.14999389648438 8.8599853515625 8.8599853515625 14.8299865722656 14.8299865722656 1.5 1.5 29.5199890136719 29.5199890136719 16.3399963378906 16.3399963378906
4.28999328613281 3.83000183105469 3.83000183105469 6.18998718261719 6.18998718261719 7.8499755859375 7.8499755859375 2.1099853515625 2.1099853515625 3.01998901367188 3.01998901367188 2.45001220703125 2.45001220703125 7.510009765625 7.510009765625 6.75 6.75 7.02999877929688 7.02999877929688 7.46002197265625 7.46002197265625 8.8800048828125 8.8800048828125 8.42999267578125 8.42999267578125 3.47000122070312 3.47000122070312 9.70001220703125 9.70001220703125 9.66000366210938 9.66000366210938 8.760009765625 8.760009765625 11.9500122070312 11.9500122070312 9.64999389648438 9.64999389648438 9.44998168945312 9.44998168945312 12.0700073242188 12.0700073242188 15.1000061035156 15.1000061035156 4.47998046875 4.47998046875 32.3399963378906 32.3399963378906
4.28999328613281 3.83000183105469 3.83000183105469 6.18998718261719 6.18998718261719 7.8499755859375 7.8499755859375 2.1099853515625 2.1099853515625 3.01998901367188 3.01998901367188 2.45001220703125 2.45001220703125 7.510009765625 7.510009765625 6.75 6.75 7.02999877929688 7.02999877929688 7.46002197265625 7.46002197265625 8.8800048828125 8.8800048828125 8.42999267578125 8.42999267578125 3.47000122070312 3.47000122070312 9.70001220703125 9.70001220703125 9.66000366210938 9.66000366210938 8.760009765625 8.760009765625 11.9500122070312 11.9500122070312 9.64999389648438 9.64999389648438 9.44998168945312 9.44998168945312 12.0700073242188 12.0700073242188 15.1000061035156 15.1000061035156 4.47998046875 4.47998046875 32.3399963378906 32.3399963378906
5.33999633789062 2.79998779296875 2.79998779296875 8.38999938964844 8.38999938964844 5.80999755859375 5.80999755859375 2.74002075195312 2.74002075195312 5.91000366210938 5.91000366210938 6.260009765625 6.260009765625 6.19000244140625 6.19000244140625 9.39999389648438 9.39999389648438 5.54000854492188 5.54000854492188 7.989990234375 7.989990234375 5.04998779296875 5.04998779296875 2.11001586914062 2.11001586914062 6.51998901367188 6.51998901367188 10.0500030517578 10.0500030517578 3.89999389648438 3.89999389648438 4.74998474121094 4.74998474121094 14.3600158691406 14.3600158691406 9.1300048828125 9.1300048828125 14.5599975585938 14.5599975585938 17.6199951171875 17.6199951171875 12.1199951171875 12.1199951171875 12.8200073242188 12.8200073242188 38.6500244140625 38.6500244140625
5.33999633789062 2.79998779296875 2.79998779296875 8.38999938964844 8.38999938964844 5.80999755859375 5.80999755859375 2.74002075195312 2.74002075195312 5.91000366210938 5.91000366210938 6.260009765625 6.260009765625 6.19000244140625 6.19000244140625 9.39999389648438 9.39999389648438 5.54000854492188 5.54000854492188 7.989990234375 7.989990234375 5.04998779296875 5.04998779296875 2.11001586914062 2.11001586914062 6.51998901367188 6.51998901367188 10.0500030517578 10.0500030517578 3.89999389648438 3.89999389648438 4.74998474121094 4.74998474121094 14.3600158691406 14.3600158691406 9.1300048828125 9.1300048828125 14.5599975585938 14.5599975585938 17.6199951171875 17.6199951171875 12.1199951171875 12.1199951171875 12.8200073242188 12.8200073242188 38.6500244140625 38.6500244140625
4.91000366210938 8 8 2.66000366210938 2.66000366210938 6.25 6.25 5.3900146484375 5.3900146484375 5.41000366210938 5.41000366210938 8.72000122070312 8.72000122070312 7.6099853515625 7.6099853515625 8.22001647949219 8.22001647949219 6.49998474121094 6.49998474121094 11.5700073242188 11.5700073242188 4.67001342773438 4.67001342773438 9.33001708984375 9.33001708984375 7.39999389648438 7.39999389648438 9.66999816894531 9.66999816894531 1.04998779296875 1.04998779296875 11.4499816894531 11.4499816894531 14.0099792480469 14.0099792480469 12.4600067138672 12.4600067138672 5.14999389648438 5.14999389648438 4.80001831054688 4.80001831054688 10.5400085449219 10.5400085449219 19.6600036621094 19.6600036621094 5.29998779296875 5.29998779296875
