SensitivityAnalysis/input/D/tree-height.asc
NCOLS 300 
NROWS 300 
XLLCORNER 450630.00012207 
YLLCORNER 5640600.00012207 
CELLSIZE 5 
NODATA_value -3.4e+38 
[rows 147 to 167 of 300, columns 94 to 140 of 300]
10.8700103759766 5.24000549316406 5.24000549316406 8.87998962402344 8.87998962402344 8.32000732421875 8.32000732421875 8.760009765625 8.760009765625 7.72000122070312 7.72000122070312 10.4200134277344 10.4200134277344 8.739990234375 8.739990234375 7.99000549316406 7.99000549316406 6.02000427246094 6.02000427246094 17.5700073242188 17.5700073242188 15.5600128173828 15.5600128173828 22.6200103759766 22.6200103759766 21.8000030517578 21.8000030517578 18.9400024414062 18.9400024414062 0.550003051757812 0.550003051757812 0.230010986328125 0.230010986328125 13.5299987792969 13.5299987792969 0 0 4.58999633789062 4.58999633789062 6.5 6.5 7.56001281738281 7.56001281738281 1.48001098632812 1.48001098632812 9.14999389648438 9.14999389648438
10.8700103759766 5.24000549316406 5.24000549316406 8.87998962402344 8.87998962402344 8.32000732421875 8.32000732421875 8.760009765625 8.760009765625 7.72000122070312 7.72000122070312 10.4200134277344 10.4200134277344 8.739990234375 8.739990234375 7.99000549316406 7.99000549316406 6.02000427246094 6.02000427246094 17.5700073242188 17.5700073242188 15.5600128173828 15.5600128173828 22.6200103759766 22.6200103759766 21.8000030517578 21.8000030517578 18.9400024414062 18.9400024414062 0.550003051757812 0.550003051757812 0.230010986328125 0.230010986328125 13.5299987792969 13.5299987792969 0 0 4.58999633789062 4.58999633789062 6.5 6.5 7.56001281738281 7.56001281738281 1.48001098632812 1.48001098632812 9.14999389648438 9.14999389648438
9.43998718261719 8.260009765625 8.260009765625 5.59999084472656 5.59999084472656 8.90000915527344 8.90000915527344 8.45999145507812 8.45999145507812 9.00001525878906 9.00001525878906 5.41999816894531 5.41999816894531 8.30999755859375 8.30999755859375 6.38999938964844 6.38999938964844 11.1199951171875 11.1199951171875 18.1199951171875 18.1199951171875 21.2899932861328 21.2899932861328 23.2899932861328 23.2899932861328 20.7299957275391 20.7299957275391 22.1300048828125 22.1300048828125 20.2200012207031 20.2200012207031 12.7899932861328 12.7899932861328 3.15000915527344 3.15000915527344 20.9799957275391 20.9799957275391 0.339996337890625 0.339996337890625 8.05999755859375 8.05999755859375 3.72999572753906 3.72999572753906 4.53999328613281 4.53999328613281 2.01998901367188 2.01998901367188
9.43998718261719 8.260009765625 8.260009765625 5.59999084472656 5.59999084472656 8.90000915527344 8.90000915527344 8.45999145507812 8.45999145507812 9.00001525878906 9.00001525878906 5.41999816894531 5.41999816894531 8.30999755859375 8.30999755859375 6.38999938964844 6.38999938964844 11.1199951171875 11.1199951171875 18.1199951171875 18.1199951171875 21.2899932861328 21.2899932861328 23.2899932861328 23.2899932861328 20.7299957275391 20.7299957275391 22.1300048828125 22.1300048828125 20.2200012207031 20.2200012207031 12.7899932861328 12.7899932861328 3.15000915527344 3.15000915527344 20.9799957275391 20.9799957275391 0.339996337890625 0.339996337890625 8.05999755859375 8.05999755859375 3.72999572753906 3.72999572753906 4.53999328613281 4.53999328613281 2.01998901367188 2.01998901367188
7.14999389648438 7.56001281738281 7.56001281738281 8.6199951171875 8.6199951171875 7.19000244140625 7.19000244140625 8.30998229980469 8.30998229980469 7.67999267578125 7.67999267578125 12.3400115966797 12.3400115966797 10.5599975585938 10.5599975585938 15.0500030517578 15.0500030517578 20.3500061035156 20.3500061035156 19.1999969482422 19.1999969482422 24.6000061035156 24.6000061035156 19.4799957275391 19.4799957275391 26.9799957275391 26.9799957275391 21.3600006103516 21.3600006103516 25.9400024414062 25.9400024414062 24.2800140380859 24.2800140380859 13.3000030517578 13.3000030517578 27.4900054931641 27.4900054931641 28.3399963378906 28.3399963378906 0.800003051757812 0.800003051757812 1.77999877929688 1.77999877929688 1.88999938964844 1.88999938964844 18.25 18.25
7.14999389648438 7.56001281738281 7.56001281738281 8.6199951171875 8.6199951171875 7.19000244140625 7.19000244140625 8.30998229980469 8.30998229980469 7.67999267578125 7.67999267578125 12.3400115966797 12.3400115966797 10.5599975585938 10.5599975585938 15.0500030517578 15.0500030517578 20.3500061035156 20.3500061035156 19.1999969482422 19.1999969482422 24.6000061035156 24.6000061035156 19.4799957275391 19.4799957275391 26.9799957275391 26.9799957275391 21.3600006103516 21.3600006103516 25.9400024414062 25.9400024414062 24.2800140380859 24.2800140380859 13.3000030517578 13.3000030517578 27.4900054931641 27.4900054931641 28.3399963378906 28.3399963378906 0.800003051757812 0.800003051757812 1.77999877929688 1.77999877929688 1.88999938964844 1.88999938964844 18.25 18.25
7.32000732421875 10.3699951171875 10.3699951171875 8.22998046875 8.22998046875 7.8599853515625 7.8599853515625 8.3599853515625 8.3599853515625 11.989990234375 11.989990234375 5.04998779296875 5.04998779296875 5.16000366210938 5.16000366210938 20.5800018310547 20.5800018310547 20.2100067138672 20.2100067138672 19.8500061035156 19.8500061035156 19.1199951171875 19.1199951171875 16.4600067138672 16.4600067138672 20.7200012207031 20.7200012207031 23.6100006103516 23.6100006103516 17.3699951171875 17.3699951171875 21.5600128173828 21.5600128173828 19.510009765625 19.510009765625 14.4700012207031 14.4700012207031 22.2200012207031 22.2200012207031 0.240005493164062 0.240005493164062 0 0 1.94000244140625 1.94000244140625 5.38999938964844 5.38999938964844
7.32000732421875 10.3699951171875 10.3699951171875 8.22998046875 8.22998046875 7.8599853515625 7.8599853515625 8.3599853515625 8.3599853515625 11.989990234375 11.989990234375 5.04998779296875 5.04998779296875 5.16000366210938 5.16000366210938 20.5800018310547 20.5800018310547 20.2100067138672 20.2100067138672 19.8500061035156 19.8500061035156 19.1199951171875 19.1199951171875 16.4600067138672 16.4600067138672 20.7200012207031 20.7200012207031 23.6100006103516 23.6100006103516 17.3699951171875 17.3699951171875 21.5600128173828 21.5600128173828 19.510009765625 19.510009765625 14.4700012207031 14.4700012207031 22.2200012207031 22.2200012207031 0.240005493164062 0.240005493164062 0 0 1.94000244140625 1.94000244140625 5.38999938964844 5.38999938964844
5.12001037597656 11.2099914550781 11.2099914550781 9.44000244140625 9.44000244140625 6.8599853515625 6.8599853515625 8.82000732421875 8.82000732421875 10.0399780273438 10.0399780273438 20.1100006103516 20.1100006103516 19.9100036621094 19.9100036621094 19.6900024414062 19.6900024414062 19.4100036621094 19.4100036621094 15.6699981689453 15.6699981689453 19.8600006103516 19.8600006103516 20.2400054931641 20.2400054931641 18.9200134277344 18.9200134277344 25.2200012207031 25.2200012207031 24.75 24.75 24.8699951171875 24.8699951171875 28.9199981689453 28.9199981689453 6.44000244140625 6.44000244140625 9.85000610351562 9.85000610351562 13.5500030517578 13.5500030517578 22.4700012207031 22.4700012207031 26.5 26.5 0.270004272460938 0.270004272460938
5.12001037597656 11.2099914550781 11.2099914550781 9.44000244140625 9.44000244140625 6.8599853515625 6.8599853515625 8.82000732421875 8.82000732421875 10.0399780273438 10.0399780273438 20.1100006103516 20.1100006103516 19.9100036621094 19.9100036621094 19.6900024414062 19.6900024414062 19.4100036621094 19.4100036621094 15.6699981689453 15.6699981689453 19.8600006103516 19.8600006103516 20.2400054931641 20.2400054931641 18.9200134277344 18.9200134277344 25.2200012207031 25.2200012207031 24.75 24.75 24.8699951171875 24.8699951171875 28.9199981689453 28.9199981689453 6.44000244140625 6.44000244140625 9.85000610351562 9.85000610351562 13.5500030517578 13.5500030517578 22.4700012207031 22.4700012207031 26.5 26.5 0.270004272460938 0.270004272460938
4.6199951171875 8.08999633789062 8.08999633789062 6.86001586914062 6.86001586914062 3.94998168945312 3.94998168945312 8.72998046875 8.72998046875 9.32000732421875 9.32000732421875 17.6800079345703 17.6800079345703 18.4499969482422 18.4499969482422 18.97998046875 18.97998046875 17.8899841308594 17.8899841308594 22.1099853515625 22.1099853515625 19.6100006103516 19.6100006103516 20.1899871826172 20.1899871826172 18.4599914550781 18.4599914550781 19.7200012207031 19.7200012207031 20.0700073242188 20.0700073242188 21.5599975585938 21.5599975585938 12.7400054931641 12.7400054931641 3.19999694824219 3.19999694824219 8.6199951171875 8.6199951171875 6.58999633789062 6.58999633789062 7.37998962402344 7.37998962402344 0 0 3.95999145507812 3.95999145507812
4.6199951171875 8.08999633789062 8.08999633789062 6.86001586914062 6.86001586914062 3.94998168945312 3.94998168945312 8.72998046875 8.72998046875 9.32000732421875 9.32000732421875 17.6800079345703 17.6800079345703 18.4499969482422 18.4499969482422 18.97998046875 18.97998046875 17.8899841308594 17.8899841308594 22.1099853515625 22.1099853515625 19.6100006103516 19.6100006103516 20.1899871826172 20.1899871826172 18.4599914550781 18.4599914550781 19.7200012207031 19.7200012207031 20.0700073242188 20.0700073242188 21.5599975585938 21.5599975585938 12.7400054931641 12.7400054931641 3.19999694824219 3.19999694824219 8.6199951171875 8.6199951171875 6.58999633789062 6.58999633789062 7.37998962402344 7.37998962402344 0 0 3.95999145507812 3.95999145507812
4.57000732421875 6.239990234375 6.239990234375 16.989990234375 16.989990234375 16.0499877929688 16.0499877929688 15.9800109863281 15.9800109863281 16.3499755859375 16.3499755859375 18.0099792480469 18.0099792480469 15.6099853515625 15.6099853515625 26.8699951171875 26.8699951171875 19.4500122070312 19.4500122070312 21.6600189208984 21.6600189208984 18.25 18.25 23.3899841308594 23.3899841308594 16.1599884033203 16.1599884033203 23.739990234375 23.739990234375 22.6400146484375 22.6400146484375 17.5 17.5 4.24000549316406 4.24000549316406 11.1799926757812 11.1799926757812 7.66000366210938 7.66000366210938 11.7100067138672 11.7100067138672 11.0500030517578 11.0500030517578 1.6199951171875 1.6199951171875 6.36000061035156 6.36000061035156
4.57000732421875 6.239990234375 6.239990234375 16.989990234375 16.989990234375 16.0499877929688 16.0499877929688 15.9800109863281 15.9800109863281 16.3499755859375 16.3499755859375 18.0099792480469 18.0099792480469 15.6099853515625 15.6099853515625 26.8699951171875 26.8699951171875 19.4500122070312 19.4500122070312 21.6600189208984 21.6600189208984 18.25 18.25 23.3899841308594 23.3899841308594 16.1599884033203 16.1599884033203 23.739990234375 23.739990234375 22.6400146484375 22.6400146484375 17.5 17.5 4.24000549316406 4.24000549316406 11.1799926757812 11.1799926757812 7.66000366210938 7.66000366210938 11.7100067138672 11.7100067138672 11.0500030517578 11.0500030517578 1.6199951171875 1.6199951171875 6.36000061035156 6.36000061035156
13.2599792480469 18.47998046875 18.47998046875 19.5500183105469 19.5500183105469 17.9599914550781 17.9599914550781 16.5599975585938 16.5599975585938 16.2799987792969 16.2799987792969 16.7400207519531 16.7400207519531 20.8599853515625 20.8599853515625 15.8800048828125 15.8800048828125 25.6700134277344 25.6700134277344 18.3500061035156 18.3500061035156 18.4000091552734 18.4000091552734 19.0200042724609 19.0200042724609 21.3799896240234 21.3799896240234 16.6799926757812 16.6799926757812 22.5800018310547 22.5800018310547 6.75 6.75 16.2599945068359 16.2599945068359 0.490005493164062 0.490005493164062 7 7 7.58000183105469 7.58000183105469 8.53999328613281 8.53999328613281 5.87001037597656 5.87001037597656 33.1500091552734 33.1500091552734
13.2599792480469 18.47998046875 18.47998046875 19.5500183105469 19.5500183105469 17.9599914550781 17.9599914550781 16.5599975585938 16.5599975585938 16.2799987792969 16.2799987792969 16.7400207519531 16.7400207519531 20.8599853515625 20.8599853515625 15.8800048828125 15.8800048828125 25.6700134277344 25.6700134277344 18.3500061035156 18.3500061035156 18.4000091552734 18.4000091552734 19.0200042724609 19.0200042724609 21.3799896240234 21.3799896240234 16.6799926757812 16.6799926757812 22.5800018310547 22.5800018310547 6.75 6.75 16.2599945068359 16.2599945068359 0.490005493164062 0.490005493164062 7 7 7.58000183105469 7.58000183105469 8.53999328613281 8.53999328613281 5.87001037597656 5.87001037597656 33.1500091552734 33.1500091552734
16.2200012207031 17.27001953125 17.27001953125 11.2300109863281 11.2300109863281 24.0299987792969 24.0299987792969 17.2300109863281 17.2300109863281 23.47998046875 23.47998046875 22.8099975585938 22.8099975585938 21.2099914550781 21.2099914550781 19.7899780273438 19.7899780273438 19.0799865722656 19.0799865722656 18.6399841308594 18.6399841308594 18.7599945068359 18.7599945068359 23.7299957275391 23.7299957275391 20.1900024414062 20.1900024414062 17.9299926757812 17.9299926757812 14.4499969482422 14.4499969482422 10.4700012207031 10.4700012207031 12.5699920654297 12.5699920654297 6.1300048828125 6.1300048828125 14.1100006103516 14.1100006103516 8.05000305175781 8.05000305175781 3.63999938964844 3.63999938964844 12.9400024414062 12.9400024414062 10.8800048828125 10.8800048828125
16.2200012207031 17.27001953125 17.27001953125 11.2300109863281 11.2300109863281 24.0299987792969 24.0299987792969 17.2300109863281 17.2300109863281 23.47998046875 23.47998046875 22.8099975585938 22.8099975585938 21.2099914550781 21.2099914550781 19.7899780273438 19.7899780273438 19.0799865722656 19.0799865722656 18.6399841308594 18.6399841308594 18.7599945068359 18.7599945068359 23.7299957275391 23.7299957275391 20.1900024414062 20.1900024414062 17.9299926757812 17.9299926757812 14.4499969482422 14.4499969482422 10.4700012207031 10.4700012207031 12.5699920654297 12.5699920654297 6.1300048828125 6.1300048828125 14.1100006103516 14.1100006103516 8.05000305175781 8.05000305175781 3.63999938964844 3.63999938964844 12.9400024414062 12.9400024414062 10.8800048828125 10.8800048828125
10.8399963378906 25.0999755859375 25.0999755859375 16.6199951171875 16.6199951171875 19.1099853515625 19.1099853515625 18.989990234375 18.989990234375 16.1199951171875 16.1199951171875 14.5199890136719 14.5199890136719 12.010009765625 12.010009765625 16.2799987792969 16.2799987792969 19.47998046875 19.47998046875 18.9200134277344 18.9200134277344 20.6500244140625 20.6500244140625 23.3499908447266 23.3499908447266 20.7200012207031 20.7200012207031 11.5500030517578 11.5500030517578 12.8999938964844 12.8999938964844 15.0600128173828 15.0600128173828 9.76998901367188 9.76998901367188 6.97999572753906 6.97999572753906 9.989990234375 9.989990234375 5.65000915527344 5.65000915527344 7.94999694824219 7.94999694824219 11.2400054931641 11.2400054931641 9.86000061035156 9.86000061035156
10.8399963378906 25.0999755859375 25.0999755859375 16.6199951171875 16.6199951171875 19.1099853515625 19.1099853515625 18.989990234375 18.989990234375 16.1199951171875 16.1199951171875 14.5199890136719 14.5199890136719 12.010009765625 12.010009765625 16.2799987792969 16.2799987792969 19.47998046875 19.47998046875 18.9200134277344 18.9200134277344 20.6500244140625 20.6500244140625 23.3499908447266 23.3499908447266 20.7200012207031 20.7200012207031 11.5500030517578 11.5500030517578 12.8999938964844 12.8999938964844 15.0600128173828 15.0600128173828 9.76998901367188 9.76998901367188 6.97999572753906 6.97999572753906 9.989990234375 9.989990234375 5.65000915527344 5.65000915527344 7.94999694824219 7.94999694824219 11.2400054931641 11.2400054931641 9.86000061035156 9.86000061035156
22.47998046875 15.489990234375 15.489990234375 19.010009765625 19.010009765625 25.2799987792969 25.2799987792969 12.1400146484375 12.1400146484375 16.9199829101562 16.9199829101562 18.3099975585938 18.3099975585938 17.4200134277344 17.4200134277344 15.9300231933594 15.9300231933594 23.6499938964844 23.6499938964844 22.7699890136719 22.7699890136719 19.9700012207031 19.9700012207031 19.4299926757812 19.4299926757812 19.2200012207031 19.2200012207031 9.27999877929688 9.27999877929688 16.4399871826172 16.4399871826172 17.5700073242188 17.5700073242188 15.1600036621094 15.1600036621094 10.510009765625 10.510009765625 13.6900024414062 13.6900024414062 7.97999572753906 7.97999572753906 7.44000244140625 7.44000244140625 13.6600036621094 13.6600036621094 8.07000732421875 8.07000732421875
