SensitivityAnalysis/input/D/tree-height.asc
NCOLS 300 
NROWS 300 
XLLCORNER 450630.00012207 
YLLCORNER 5640600.00012207 
CELLSIZE 5 
NODATA_value -3.4e+38 
[rows 21 to 41 of 300, columns 0 to 46 of 300]
14.5400085449219 8.82998657226562 8.82998657226562 34.9200134277344 34.9200134277344 33.0800018310547 33.0800018310547 33.7700042724609 33.7700042724609 31.1399993896484 31.1399993896484 25.2100067138672 25.2100067138672 24.7400054931641 24.7400054931641 23.010009765625 23.010009765625 8.3699951171875 8.3699951171875 24.4200134277344 24.4200134277344 5.79000854492188 5.79000854492188 34.2700042724609 34.2700042724609 34.8099822998047 34.8099822998047 32.9099884033203 32.9099884033203 31.7299957275391 31.7299957275391 1.239990234375 1.239990234375 7.10000610351562 7.10000610351562 5.58000183105469 5.58000183105469 4.77999877929688 4.77999877929688 7.04998779296875 7.04998779296875 5.77999877929688 5.77999877929688 5.69998168945312 5.69998168945312 6.13998413085938 6.13998413085938
14.5400085449219 8.82998657226562 8.82998657226562 34.9200134277344 34.9200134277344 33.0800018310547 33.0800018310547 33.7700042724609 33.7700042724609 31.1399993896484 31.1399993896484 25.2100067138672 25.2100067138672 24.7400054931641 24.7400054931641 23.010009765625 23.010009765625 8.3699951171875 8.3699951171875 24.4200134277344 24.4200134277344 5.79000854492188 5.79000854492188 34.2700042724609 34.2700042724609 34.8099822998047 34.8099822998047 32.9099884033203 32.9099884033203 31.7299957275391 31.7299957275391 1.239990234375 1.239990234375 7.10000610351562 7.10000610351562 5.58000183105469 5.58000183105469 4.77999877929688 4.77999877929688 7.04998779296875 7.04998779296875 5.77999877929688 5.77999877929688 5.69998168945312 5.69998168945312 6.13998413085938 6.13998413085938
28.1499786376953 0 0 34.2900085449219 34.2900085449219 1.77000427246094 1.77000427246094 15.8800048828125 15.8800048828125 4.65998840332031 4.65998840332031 23.9799957275391 23.9799957275391 25.2999877929688 25.2999877929688 19.8099975585938 19.8099975585938 24.8299865722656 24.8299865722656 5.80999755859375 5.80999755859375 27.3000183105469 27.3000183105469 26.5300140380859 26.5300140380859 33.8800048828125 33.8800048828125 31.0299987792969 31.0299987792969 32.7699890136719 32.7699890136719 0.029998779296875 0.029998779296875 6.34999084472656 6.34999084472656 7.19000244140625 7.19000244140625 5.91999816894531 5.91999816894531 7.42001342773438 7.42001342773438 7.20999145507812 7.20999145507812 7.1199951171875 7.1199951171875 7.47000122070312 7.47000122070312
28.1499786376953 0 0 34.2900085449219 34.2900085449219 1.77000427246094 1.77000427246094 15.8800048828125 15.8800048828125 4.65998840332031 4.65998840332031 23.9799957275391 23.9799957275391 25.2999877929688 25.2999877929688 19.8099975585938 19.8099975585938 24.8299865722656 24.8299865722656 5.80999755859375 5.80999755859375 27.3000183105469 27.3000183105469 26.5300140380859 26.5300140380859 33.8800048828125 33.8800048828125 31.0299987792969 31.0299987792969 32.7699890136719 32.7699890136719 0.029998779296875 0.029998779296875 6.34999084472656 6.34999084472656 7.19000244140625 7.19000244140625 5.91999816894531 5.91999816894531 7.42001342773438 7.42001342773438 7.20999145507812 7.20999145507812 7.1199951171875 7.1199951171875 7.47000122070312 7.47000122070312
26.4799957275391 23.4300079345703 23.4300079345703 9.91999816894531 9.91999816894531 31.1000061035156 31.1000061035156 16.6399993896484 16.6399993896484 24.1600036621094 24.1600036621094 21.4600219726562 21.4600219726562 16.2899932861328 16.2899932861328 29.4500122070312 29.4500122070312 20.6300048828125 20.6300048828125 18.0599975585938 18.0599975585938 22.760009765625 22.760009765625 26.47998046875 26.47998046875 36.1199951171875 36.1199951171875 31.9499969482422 31.9499969482422 35.1500091552734 35.1500091552734 6.05999755859375 6.05999755859375 7.60000610351562 7.60000610351562 11.5900115966797 11.5900115966797 3.41999816894531 3.41999816894531 5.44001770019531 5.44001770019531 3.08999633789062 3.08999633789062 11.2099914550781 11.2099914550781 16.2400207519531 16.2400207519531
26.4799957275391 23.4300079345703 23.4300079345703 9.91999816894531 9.91999816894531 31.1000061035156 31.1000061035156 16.6399993896484 16.6399993896484 24.1600036621094 24.1600036621094 21.4600219726562 21.4600219726562 16.2899932861328 16.2899932861328 29.4500122070312 29.4500122070312 20.6300048828125 20.6300048828125 18.0599975585938 18.0599975585938 22.760009765625 22.760009765625 26.47998046875 26.47998046875 36.1199951171875 36.1199951171875 31.9499969482422 31.9499969482422 35.1500091552734 35.1500091552734 6.05999755859375 6.05999755859375 7.60000610351562 7.60000610351562 11.5900115966797 11.5900115966797 3.41999816894531 3.41999816894531 5.44001770019531 5.44001770019531 3.08999633789062 3.08999633789062 11.2099914550781 11.2099914550781 16.2400207519531 16.2400207519531
27.5400085449219 24.8100128173828 24.8100128173828 25.1300048828125 25.1300048828125 23.9499969482422 23.9499969482422 3.40998840332031 3.40998840332031 22.3799896240234 22.3799896240234 23.6699981689453 23.6699981689453 2.77000427246094 2.77000427246094 17.3500061035156 17.3500061035156 29.0200042724609 29.0200042724609 21.3099822998047 21.3099822998047 25.9900054931641 25.9900054931641 6.44999694824219 6.44999694824219 26.75 26.75 29.5300140380859 29.5300140380859 40.7700042724609 40.7700042724609 5.11000061035156 5.11000061035156 18.6800079345703 18.6800079345703 23.0599975585938 23.0599975585938 21.1699829101562 21.1699829101562 16.1199951171875 16.1199951171875 20.5199890136719 20.5199890136719 19.0800170898438 19.0800170898438 22.1000061035156 22.1000061035156
27.5400085449219 24.8100128173828 24.8100128173828 25.1300048828125 25.1300048828125 23.9499969482422 23.9499969482422 3.40998840332031 3.40998840332031 22.3799896240234 22.3799896240234 23.6699981689453 23.6699981689453 2.77000427246094 2.77000427246094 17.3500061035156 17.3500061035156 29.0200042724609 29.0200042724609 21.3099822998047 21.3099822998047 25.9900054931641 25.9900054931641 6.44999694824219 6.44999694824219 26.75 26.75 29.5300140380859 29.5300140380859 40.7700042724609 40.7700042724609 5.11000061035156 5.11000061035156 18.6800079345703 18.6800079345703 23.0599975585938 23.0599975585938 21.1699829101562 21.1699829101562 16.1199951171875 16.1199951171875 20.5199890136719 20.5199890136719 19.0800170898438 19.0800170898438 22.1000061035156 22.1000061035156
15.0900115966797 17.9400024414062 17.9400024414062 27.7400054931641 27.7400054931641 29.75 29.75 25.9199981689453 25.9199981689453 25.6399841308594 25.6399841308594 19.2300109863281 19.2300109863281 5.58999633789062 5.58999633789062 7.1199951171875 7.1199951171875 22.4699859619141 22.4699859619141 2.82998657226562 2.82998657226562 22.4199829101562 22.4199829101562 25.7099914550781 25.7099914550781 25.6400146484375 25.6400146484375 27.4399871826172 27.4399871826172 31.9300079345703 31.9300079345703 2.8800048828125 2.8800048828125 32.0699920654297 32.0699920654297 13.2199859619141 13.2199859619141 23.6299896240234 23.6299896240234 21.0899963378906 21.0899963378906 20.5599975585938 20.5599975585938 10.0400085449219 10.0400085449219 19.719970703125 19.719970703125
15.0900115966797 17.9400024414062 17.9400024414062 27.7400054931641 27.7400054931641 29.75 29.75 25.9199981689453 25.9199981689453 25.6399841308594 25.6399841308594 19.2300109863281 19.2300109863281 5.58999633789062 5.58999633789062 7.1199951171875 7.1199951171875 22.4699859619141 22.4699859619141 2.82998657226562 2.82998657226562 22.4199829101562 22.4199829101562 25.7099914550781 25.7099914550781 25.6400146484375 25.6400146484375 27.4399871826172 27.4399871826172 31.9300079345703 31.9300079345703 2.8800048828125 2.8800048828125 32.0699920654297 32.0699920654297 13.2199859619141 13.2199859619141 23.6299896240234 23.6299896240234 21.0899963378906 21.0899963378906 20.5599975585938 20.5599975585938 10.0400085449219 10.0400085449219 19.719970703125 19.719970703125
22.7700042724609 26.0899963378906 26.0899963378906 27.3800048828125 27.3800048828125 4.99000549316406 4.99000549316406 12.5500030517578 12.5500030517578 18.489990234375 18.489990234375 22.1100158691406 22.1100158691406 21.6999969482422 21.6999969482422 23.9300079345703 23.9300079345703 16.4700012207031 16.4700012207031 19.2100067138672 19.2100067138672 15.4999847412109 15.4999847412109 17.27001953125 17.27001953125 19.5 19.5 30.510009765625 30.510009765625 35.3700103759766 35.3700103759766 2.19999694824219 2.19999694824219 20.1600036621094 20.1600036621094 16.7199859619141 16.7199859619141 20.1100006103516 20.1100006103516 22.47998046875 22.47998046875 21.4000091552734 21.4000091552734 18.4599914550781 18.4599914550781 15.0400085449219 15.0400085449219
22.7700042724609 26.0899963378906 26.0899963378906 27.3800048828125 27.3800048828125 4.99000549316406 4.99000549316406 12.5500030517578 12.5500030517578 18.489990234375 18.489990234375 22.1100158691406 22.1100158691406 21.6999969482422 21.6999969482422 23.9300079345703 23.9300079345703 16.4700012207031 16.4700012207031 19.2100067138672 19.2100067138672 15.4999847412109 15.4999847412109 17.27001953125 17.27001953125 19.5 19.5 30.510009765625 30.510009765625 35.3700103759766 35.3700103759766 2.19999694824219 2.19999694824219 20.1600036621094 20.1600036621094 16.7199859619141 16.7199859619141 20.1100006103516 20.1100006103516 22.47998046875 22.47998046875 21.4000091552734 21.4000091552734 18.4599914550781 18.4599914550781 15.0400085449219 15.0400085449219
18.8500061035156 24.0099945068359 24.0099945068359 24.3399963378906 24.3399963378906 23.2400054931641 23.2400054931641 14.25 14.25 18.6699829101562 18.6699829101562 20.4400024414062 20.4400024414062 22.7700042724609 22.7700042724609 24.8900146484375 24.8900146484375 17.6299896240234 17.6299896240234 23.6699981689453 23.6699981689453 20.0700073242188 20.0700073242188 12.9699859619141 12.9699859619141 29.5199890136719 29.5199890136719 30.739990234375 30.739990234375 25.3899993896484 25.3899993896484 34.4800109863281 34.4800109863281 21.8099822998047 21.8099822998047 12.2599792480469 12.2599792480469 20.6499938964844 20.6499938964844 24.8500061035156 24.8500061035156 19.9399871826172 19.9399871826172 22.6500091552734 22.6500091552734 15.4500122070312 15.4500122070312
18.8500061035156 24.0099945068359 24.0099945068359 24.3399963378906 24.3399963378906 23.2400054931641 23.2400054931641 14.25 14.25 18.6699829101562 18.6699829101562 20.4400024414062 20.4400024414062 22.7700042724609 22.7700042724609 24.8900146484375 24.8900146484375 17.6299896240234 17.6299896240234 23.6699981689453 23.6699981689453 20.0700073242188 20.0700073242188 12.9699859619141 12.9699859619141 29.5199890136719 29.5199890136719 30.739990234375 30.739990234375 25.3899993896484 25.3899993896484 34.4800109863281 34.4800109863281 21.8099822998047 21.8099822998047 12.2599792480469 12.2599792480469 20.6499938964844 20.6499938964844 24.8500061035156 24.8500061035156 19.9399871826172 19.9399871826172 22.6500091552734 22.6500091552734 15.4500122070312 15.4500122070312
28.6500091552734 13.7900085449219 13.7900085449219 23.3500061035156 23.3500061035156 23.1100006103516 23.1100006103516 16.8600006103516 16.8600006103516 24.5500030517578 24.5500030517578 26.8300018310547 26.8300018310547 19.9099884033203 19.9099884033203 25.7700042724609 25.7700042724609 23.4700012207031 23.4700012207031 23.5900115966797 23.5900115966797 20.8300170898438 20.8300170898438 22.9100036621094 22.9100036621094 4.8599853515625 4.8599853515625 29.4199981689453 29.4199981689453 34.9900054931641 34.9900054931641 22.8999938964844 22.8999938964844 21.2299957275391 21.2299957275391 14.260009765625 14.260009765625 22.6399993896484 22.6399993896484 19.4000091552734 19.4000091552734 21.6600036621094 21.6600036621094 19.7999877929688 19.7999877929688 27.1100006103516 27.1100006103516
28.6500091552734 13.7900085449219 13.7900085449219 23.3500061035156 23.3500061035156 23.1100006103516 23.1100006103516 16.8600006103516 16.8600006103516 24.5500030517578 24.5500030517578 26.8300018310547 26.8300018310547 19.9099884033203 19.9099884033203 25.7700042724609 25.7700042724609 23.4700012207031 23.4700012207031 23.5900115966797 23.5900115966797 20.8300170898438 20.8300170898438 22.9100036621094 22.9100036621094 4.8599853515625 4.8599853515625 29.4199981689453 29.4199981689453 34.9900054931641 34.9900054931641 22.8999938964844 22.8999938964844 21.2299957275391 21.2299957275391 14.260009765625 14.260009765625 22.6399993896484 22.6399993896484 19.4000091552734 19.4000091552734 21.6600036621094 21.6600036621094 19.7999877929688 19.7999877929688 27.1100006103516 27.1100006103516
25.7400054931641 29.4100036621094 29.4100036621094 22.3499908447266 22.3499908447266 28.9700012207031 28.9700012207031 28.3899993896484 28.3899993896484 26.6999969482422 26.6999969482422 25.6200103759766 25.6200103759766 21.9199981689453 21.9199981689453 22.739990234375 22.739990234375 16.0099945068359 16.0099945068359 21.3399963378906 21.3399963378906 29 29 14.9500122070312 14.9500122070312 25.9900054931641 25.9900054931641 25.9200134277344 25.9200134277344 15.8500061035156 15.8500061035156 10.9700012207031 10.9700012207031 22.0299987792969 22.0299987792969 26.2599945068359 26.2599945068359 17.5 17.5 29.5500030517578 29.5500030517578 16.3699951171875 16.3699951171875 16.8600006103516 16.8600006103516 33.2999877929688 33.2999877929688
25.7400054931641 29.4100036621094 29.4100036621094 22.3499908447266 22.3499908447266 28.9700012207031 28.9700012207031 28.3899993896484 28.3899993896484 26.6999969482422 26.6999969482422 25.6200103759766 25.6200103759766 21.9199981689453 21.9199981689453 22.739990234375 22.739990234375 16.0099945068359 16.0099945068359 21.3399963378906 21.3399963378906 29 29 14.9500122070312 14.9500122070312 25.9900054931641 25.9900054931641 25.9200134277344 25.9200134277344 15.8500061035156 15.8500061035156 10.9700012207031 10.9700012207031 22.0299987792969 22.0299987792969 26.2599945068359 26.2599945068359 17.5 17.5 29.5500030517578 29.5500030517578 16.3699951171875 16.3699951171875 16.8600006103516 16.8600006103516 33.2999877929688 33.2999877929688
8.36000061035156 11.2599945068359 11.2599945068359 0 0 5.33999633789062 5.33999633789062 33.6800079345703 33.6800079345703 32.4799957275391 32.4799957275391 21.3099975585938 21.3099975585938 24.3300018310547 24.3300018310547 32.3899993896484 32.3899993896484 30.0399932861328 30.0399932861328 32.3200073242188 32.3200073242188 29.8899993896484 29.8899993896484 19.1599884033203 19.1599884033203 30.2299957275391 30.2299957275391 28.75 28.75 35.1599884033203 35.1599884033203 21.9100036621094 21.9100036621094 33.0599975585938 33.0599975585938 33.1600036621094 33.1600036621094 30.1399993896484 30.1399993896484 3.70999145507812 3.70999145507812 15.1300048828125 15.1300048828125 24.9700012207031 24.9700012207031 21.2700042724609 21.2700042724609
8.36000061035156 11.2599945068359 11.2599945068359 0 0 5.33999633789062 5.33999633789062 33.6800079345703 33.6800079345703 32.4799957275391 32.4799957275391 21.3099975585938 21.3099975585938 24.3300018310547 24.3300018310547 32.3899993896484 32.3899993896484 30.0399932861328 30.0399932861328 32.3200073242188 32.3200073242188 29.8899993896484 29.8899993896484 19.1599884033203 19.1599884033203 30.2299957275391 30.2299957275391 28.75 28.75 35.1599884033203 35.1599884033203 21.9100036621094 21.9100036621094 33.0599975585938 33.0599975585938 33.1600036621094 33.1600036621094 30.1399993896484 30.1399993896484 3.70999145507812 3.70999145507812 15.1300048828125 15.1300048828125 24.9700012207031 24.9700012207031 21.2700042724609 21.2700042724609
29.9100036621094 24.4700012207031 24.4700012207031 1.52999877929688 1.52999877929688 23 23 0.479995727539062 0.479995727539062 0 0 0 0 0 0 0.0800018310546875 0.0800018310546875 13.9799957275391 13.9799957275391 16.8199920654297 16.8199920654297 32.3600006103516 32.3600006103516 29.9500122070312 29.9500122070312 41.75 41.75 40.5700073242188 40.5700073242188 35.2100067138672 35.2100067138672 39.9199981689453 39.9199981689453 20.6499938964844 20.6499938964844 39.0600128173828 39.0600128173828 38.7800140380859 38.7800140380859 32.7200012207031 32.7200012207031 7.83000183105469 7.83000183105469 17.6300048828125 17.6300048828125 30.2099914550781 30.2099914550781
