SensitivityAnalysis/input/B/tree-height.asc
NCOLS 300 
NROWS 300 
XLLCORNER 436620.00012207 
YLLCORNER 5642230.00012207 
CELLSIZE 5 
NODATA_value -3.4e+38 
[rows 273 to 293 of 300, columns 48 to 95 of 300]
0 0.850006103515625 0.850006103515625 0.0800018310546875 0.0800018310546875 0 0 0 0 0 0 0 0 0.029998779296875 0.029998779296875 0.0199966430664062 0.0199966430664062 0 0 3.24000549316406 3.24000549316406 1.26999664306641 1.26999664306641 0.900001525878906 0.900001525878906 0 0 0 0 0 0 1.1199951171875 1.1199951171875 0 0 4.34000396728516 4.34000396728516 4.14999389648438 4.14999389648438 0.0799942016601562 0.0799942016601562 3.28000640869141 3.28000640869141 1.93000030517578 1.93000030517578 0 0 0.220001220703125
0 0.850006103515625 0.850006103515625 0.0800018310546875 0.0800018310546875 0 0 0 0 0 0 0 0 0.029998779296875 0.029998779296875 0.0199966430664062 0.0199966430664062 0 0 3.24000549316406 3.24000549316406 1.26999664306641 1.26999664306641 0.900001525878906 0.900001525878906 0 0 0 0 0 0 1.1199951171875 1.1199951171875 0 0 4.34000396728516 4.34000396728516 4.14999389648438 4.14999389648438 0.0799942016601562 0.0799942016601562 3.28000640869141 3.28000640869141 1.93000030517578 1.93000030517578 0 0 0.220001220703125
0 0 0 0.0400009155273438 0.0400009155273438 0.0100021362304688 0.0100021362304688 0 0 0 0 0 0 0 0 0 0 0.0199966430664062 0.0199966430664062 0 0 15.9500045776367 15.9500045776367 5.25 5.25 0.0099945068359375 0.0099945068359375 0.029998779296875 0.029998779296875 0 0 1.08999633789062 1.08999633789062 6.29000091552734 6.29000091552734 0.6300048828125 0.6300048828125 6.68000030517578 6.68000030517578 16.5899963378906 16.5899963378906 1.18000030517578 1.18000030517578 3.02999877929688 3.02999877929688 19.9499969482422 19.9499969482422 4.80999755859375
0 0 0 0.0400009155273438 0.0400009155273438 0.0100021362304688 0.0100021362304688 0 0 0 0 0 0 0 0 0 0 0.0199966430664062 0.0199966430664062 0 0 15.9500045776367 15.9500045776367 5.25 5.25 0.0099945068359375 0.0099945068359375 0.029998779296875 0.029998779296875 0 0 1.08999633789062 1.08999633789062 6.29000091552734 6.29000091552734 0.6300048828125 0.6300048828125 6.68000030517578 6.68000030517578 16.5899963378906 16.5899963378906 1.18000030517578 1.18000030517578 3.02999877929688 3.02999877929688 19.9499969482422 19.9499969482422 4.80999755859375
0 0.0100021362304688 0.0100021362304688 0 0 0 0 0 0 0 0 0.0099945068359375 0.0099945068359375 0 0 0.129997253417969 0.129997253417969 18.3899993896484 18.3899993896484 9.63999938964844 9.63999938964844 4.15000152587891 4.15000152587891 0.949996948242188 0.949996948242188 0 0 0 0 0 0 0 0 0.220001220703125 0.220001220703125 0.520004272460938 0.520004272460938 0.590003967285156 0.590003967285156 0 0 0.560005187988281 0.560005187988281 0.459999084472656 0.459999084472656 0.25 0.25 0
0 0.0100021362304688 0.0100021362304688 0 0 0 0 0 0 0 0 0.0099945068359375 0.0099945068359375 0 0 0.129997253417969 0.129997253417969 18.3899993896484 18.3899993896484 9.63999938964844 9.63999938964844 4.15000152587891 4.15000152587891 0.949996948242188 0.949996948242188 0 0 0 0 0 0 0 0 0.220001220703125 0.220001220703125 0.520004272460938 0.520004272460938 0.590003967285156 0.590003967285156 0 0 0.560005187988281 0.560005187988281 0.459999084472656 0.459999084472656 0.25 0.25 0
0 0.449996948242188 0.449996948242188 0 0 0.120002746582031 0.120002746582031 1.61000061035156 1.61000061035156 1.20999908447266 1.20999908447266 0 0 0.0400009155273438 0.0400009155273438 4.81999969482422 4.81999969482422 23.5900039672852 23.5900039672852 21.7699966430664 21.7699966430664 0 0 0 0 0 0 1.84999847412109 1.84999847412109 3.36000061035156 3.36000061035156 3.1300048828125 3.1300048828125 0.389999389648438 0.389999389648438 0 0 1 1 0 0 0.469993591308594 0.469993591308594 0.330001831054688 0.330001831054688 0.3699951171875 0.3699951171875 3.72000122070312
0 0.449996948242188 0.449996948242188 0 0 0.120002746582031 0.120002746582031 1.61000061035156 1.61000061035156 1.20999908447266 1.20999908447266 0 0 0.0400009155273438 0.0400009155273438 4.81999969482422 4.81999969482422 23.5900039672852 23.5900039672852 21.7699966430664 21.7699966430664 0 0 0 0 0 0 1.84999847412109 1.84999847412109 3.36000061035156 3.36000061035156 3.1300048828125 3.1300048828125 0.389999389648438 0.389999389648438 0 0 1 1 0 0 0.469993591308594 0.469993591308594 0.330001831054688 0.330001831054688 0.3699951171875 0.3699951171875 3.72000122070312
0 0.330001831054688 0.330001831054688 0.1199951171875 0.1199951171875 0.0400009155273438 0.0400009155273438 0.1300048828125 0.1300048828125 0.0600051879882812 0.0600051879882812 0.550003051757812 0.550003051757812 0.110000610351562 0.110000610351562 0.300003051757812 0.300003051757812 24.9599990844727 24.9599990844727 16.3800048828125 16.3800048828125 0.199996948242188 0.199996948242188 0.989997863769531 0.989997863769531 21.6699981689453 21.6699981689453 3.26999664306641 3.26999664306641 0.240005493164062 0.240005493164062 0.0699996948242188 0.0699996948242188 0.0900039672851562 0.0900039672851562 0.290000915527344 0.290000915527344 0.6300048828125 0.6300048828125 0.430000305175781 0.430000305175781 0 0 0.0100021362304688 0.0100021362304688 0 0 4.72000122070312
0 0.330001831054688 0.330001831054688 0.1199951171875 0.1199951171875 0.0400009155273438 0.0400009155273438 0.1300048828125 0.1300048828125 0.0600051879882812 0.0600051879882812 0.550003051757812 0.550003051757812 0.110000610351562 0.110000610351562 0.300003051757812 0.300003051757812 24.9599990844727 24.9599990844727 16.3800048828125 16.3800048828125 0.199996948242188 0.199996948242188 0.989997863769531 0.989997863769531 21.6699981689453 21.6699981689453 3.26999664306641 3.26999664306641 0.240005493164062 0.240005493164062 0.0699996948242188 0.0699996948242188 0.0900039672851562 0.0900039672851562 0.290000915527344 0.290000915527344 0.6300048828125 0.6300048828125 0.430000305175781 0.430000305175781 0 0 0.0100021362304688 0.0100021362304688 0 0 4.72000122070312
0 0.0099945068359375 0.0099945068359375 0.0100021362304688 0.0100021362304688 0 0 0.0200042724609375 0.0200042724609375 1.58999633789062 1.58999633789062 2.96999359130859 2.96999359130859 0.0100021362304688 0.0100021362304688 0 0 0.029998779296875 0.029998779296875 0 0 0 0 0.209999084472656 0.209999084472656 23.1100082397461 23.1100082397461 1.25999450683594 1.25999450683594 1.27000427246094 1.27000427246094 2.20000457763672 2.20000457763672 18.0699920654297 18.0699920654297 1.22000122070312 1.22000122070312 16.2599945068359 16.2599945068359 12.0400009155273 12.0400009155273 4.60000610351562 4.60000610351562 0 0 0.210006713867188 0.210006713867188 0.0900039672851562
0 0.0099945068359375 0.0099945068359375 0.0100021362304688 0.0100021362304688 0 0 0.0200042724609375 0.0200042724609375 1.58999633789062 1.58999633789062 2.96999359130859 2.96999359130859 0.0100021362304688 0.0100021362304688 0 0 0.029998779296875 0.029998779296875 0 0 0 0 0.209999084472656 0.209999084472656 23.1100082397461 23.1100082397461 1.25999450683594 1.25999450683594 1.27000427246094 1.27000427246094 2.20000457763672 2.20000457763672 18.0699920654297 18.0699920654297 1.22000122070312 1.22000122070312 16.2599945068359 16.2599945068359 12.0400009155273 12.0400009155273 4.60000610351562 4.60000610351562 0 0 0.210006713867188 0.210006713867188 0.0900039672851562
0.0100021362304688 0 0 0 0 0.879997253417969 0.879997253417969 0 0 0.300003051757812 0.300003051757812 7.72999572753906 7.72999572753906 13.0900039672852 13.0900039672852 0.029998779296875 0.029998779296875 0 0 2.69000244140625 2.69000244140625 0.0999984741210938 0.0999984741210938 4.68000030517578 4.68000030517578 0.789993286132812 0.789993286132812 1.72999572753906 1.72999572753906 0.0400009155273438 0.0400009155273438 1.94999694824219 1.94999694824219 0.0500030517578125 0.0500030517578125 0.25 0.25 12.870002746582 12.870002746582 6.70000457763672 6.70000457763672 11.4499969482422 11.4499969482422 1.65999603271484 1.65999603271484 0.400001525878906 0.400001525878906 0
0.0100021362304688 0 0 0 0 0.879997253417969 0.879997253417969 0 0 0.300003051757812 0.300003051757812 7.72999572753906 7.72999572753906 13.0900039672852 13.0900039672852 0.029998779296875 0.029998779296875 0 0 2.69000244140625 2.69000244140625 0.0999984741210938 0.0999984741210938 4.68000030517578 4.68000030517578 0.789993286132812 0.789993286132812 1.72999572753906 1.72999572753906 0.0400009155273438 0.0400009155273438 1.94999694824219 1.94999694824219 0.0500030517578125 0.0500030517578125 0.25 0.25 12.870002746582 12.870002746582 6.70000457763672 6.70000457763672 11.4499969482422 11.4499969482422 1.65999603271484 1.65999603271484 0.400001525878906 0.400001525878906 0
0.239997863769531 4.80000305175781 4.80000305175781 5.56999206542969 5.56999206542969 4.75999450683594 4.75999450683594 12.6199951171875 12.6199951171875 7.96000671386719 7.96000671386719 5.67000579833984 5.67000579833984 3.51000213623047 3.51000213623047 2.37000274658203 2.37000274658203 6.04999542236328 6.04999542236328 0.0199966430664062 0.0199966430664062 0 0 17.8699951171875 17.8699951171875 1.61000061035156 1.61000061035156 1.55999755859375 1.55999755859375 1.09999847412109 1.09999847412109 5.02000427246094 5.02000427246094 0.409996032714844 0.409996032714844 0.759994506835938 0.759994506835938 0.830001831054688 0.830001831054688 0 0 1.33000183105469 1.33000183105469 1.91999816894531 1.91999816894531 6.1300048828125 6.1300048828125 0.780006408691406
0.239997863769531 4.80000305175781 4.80000305175781 5.56999206542969 5.56999206542969 4.75999450683594 4.75999450683594 12.6199951171875 12.6199951171875 7.96000671386719 7.96000671386719 5.67000579833984 5.67000579833984 3.51000213623047 3.51000213623047 2.37000274658203 2.37000274658203 6.04999542236328 6.04999542236328 0.0199966430664062 0.0199966430664062 0 0 17.8699951171875 17.8699951171875 1.61000061035156 1.61000061035156 1.55999755859375 1.55999755859375 1.09999847412109 1.09999847412109 5.02000427246094 5.02000427246094 0.409996032714844 0.409996032714844 0.759994506835938 0.759994506835938 0.830001831054688 0.830001831054688 0 0 1.33000183105469 1.33000183105469 1.91999816894531 1.91999816894531 6.1300048828125 6.1300048828125 0.780006408691406
5.75 5.06000518798828 5.06000518798828 4.73000335693359 4.73000335693359 7.54999542236328 7.54999542236328 2.93000030517578 2.93000030517578 2.52999877929688 2.52999877929688 0 0 1.65999603271484 1.65999603271484 2.88999938964844 2.88999938964844 0.230003356933594 0.230003356933594 2.13999938964844 2.13999938964844 10.4099960327148 10.4099960327148 10.9399948120117 10.9399948120117 15.7799987792969 15.7799987792969 2.44999694824219 2.44999694824219 6.02999877929688 6.02999877929688 0.0900115966796875 0.0900115966796875 0.329986572265625 0.329986572265625 10.7400054931641 10.7400054931641 1.19999694824219 1.19999694824219 0.790008544921875 0.790008544921875 1.36000061035156 1.36000061035156 5.94999694824219 5.94999694824219 0.150001525878906 0.150001525878906 0.8699951171875
5.75 5.06000518798828 5.06000518798828 4.73000335693359 4.73000335693359 7.54999542236328 7.54999542236328 2.93000030517578 2.93000030517578 2.52999877929688 2.52999877929688 0 0 1.65999603271484 1.65999603271484 2.88999938964844 2.88999938964844 0.230003356933594 0.230003356933594 2.13999938964844 2.13999938964844 10.4099960327148 10.4099960327148 10.9399948120117 10.9399948120117 15.7799987792969 15.7799987792969 2.44999694824219 2.44999694824219 6.02999877929688 6.02999877929688 0.0900115966796875 0.0900115966796875 0.329986572265625 0.329986572265625 10.7400054931641 10.7400054931641 1.19999694824219 1.19999694824219 0.790008544921875 0.790008544921875 1.36000061035156 1.36000061035156 5.94999694824219 5.94999694824219 0.150001525878906 0.150001525878906 0.8699951171875
0.870002746582031 4.53999328613281 4.53999328613281 1.15000152587891 1.15000152587891 2.48000335693359 2.48000335693359 0 0 0.720001220703125 0.720001220703125 0.470001220703125 0.470001220703125 3.78999328613281 3.78999328613281 7.68000030517578 7.68000030517578 0.330001831054688 0.330001831054688 0 0 0 0 0.120010375976562 0.120010375976562 11.4100036621094 11.4100036621094 4.62998962402344 4.62998962402344 5.69999694824219 5.69999694824219 0.520004272460938 0.520004272460938 0.389999389648438 0.389999389648438 0.1199951171875 0.1199951171875 1.48999786376953 1.48999786376953 0.970001220703125 0.970001220703125 0.519996643066406 0.519996643066406 4.93999481201172 4.93999481201172 3.36000823974609 3.36000823974609 0.0100021362304688
0.870002746582031 4.53999328613281 4.53999328613281 1.15000152587891 1.15000152587891 2.48000335693359 2.48000335693359 0 0 0.720001220703125 0.720001220703125 0.470001220703125 0.470001220703125 3.78999328613281 3.78999328613281 7.68000030517578 7.68000030517578 0.330001831054688 0.330001831054688 0 0 0 0 0.120010375976562 0.120010375976562 11.4100036621094 11.4100036621094 4.62998962402344 4.62998962402344 5.69999694824219 5.69999694824219 0.520004272460938 0.520004272460938 0.389999389648438 0.389999389648438 0.1199951171875 0.1199951171875 1.48999786376953 1.48999786376953 0.970001220703125 0.970001220703125 0.519996643066406 0.519996643066406 4.93999481201172 4.93999481201172 3.36000823974609 3.36000823974609 0.0100021362304688
2.16999816894531 1.97000122070312 1.97000122070312 0 0 0.919998168945312 0.919998168945312 0.170005798339844 0.170005798339844 0 0 0 0 0.0600051879882812 0.0600051879882812 5.47000122070312 5.47000122070312 7.28999328613281 7.28999328613281 0.589996337890625 0.589996337890625 0.029998779296875 0.029998779296875 0.319999694824219 0.319999694824219 0 0 0.319999694824219 0.319999694824219 0.110000610351562 0.110000610351562 0.290000915527344 0.290000915527344 0.129997253417969 0.129997253417969 0.180000305175781 0.180000305175781 0.05999755859375 0.05999755859375 0 0 0 0 0.0100021362304688 0.0100021362304688 0 0 0.19000244140625
