SensitivityAnalysis/input/B/tree-height.asc
NCOLS 300 
NROWS 300 
XLLCORNER 436620.00012207 
YLLCORNER 5642230.00012207 
CELLSIZE 5 
NODATA_value -3.4e+38 
[rows 252 to 272 of 300, columns 144 to 191 of 300]
0 0 0 0 0 0.0200042724609375 0.0200042724609375 0 0 0 0 0 0 0 0 0 0 0 0 0.0400009155273438 0.0400009155273438 0.0300064086914062 0.0300064086914062 0 0 0 0 0 0 0 0 0 0 0 0 0 0 0 0 0.0400009155273438 0.0400009155273438 17.2699966430664 17.2699966430664 19.859992980957 19.859992980957 27.3000030517578 27.3000030517578 28.3099975585938
0.0300064086914062 0.180000305175781 0.180000305175781 0.0100021362304688 0.0100021362304688 0.0400009155273438 0.0400009155273438 0.0100021362304688 0.0100021362304688 0 0 0.0100021362304688 0.0100021362304688 0.0100021362304688 0.0100021362304688 0 0 0 0 0 0 0.0199966430664062 0.0199966430664062 0 0 0 0 0.0199966430664062 0.0199966430664062 0.0499954223632812 0.0499954223632812 0.0499954223632812 0.0499954223632812 0 0 0 0 0.0199966430664062 0.0199966430664062 0 0 18.7200012207031 18.7200012207031 0 0 12.6399993896484 12.6399993896484 0
0.0300064086914062 0.180000305175781 0.180000305175781 0.0100021362304688 0.0100021362304688 0.0400009155273438 0.0400009155273438 0.0100021362304688 0.0100021362304688 0 0 0.0100021362304688 0.0100021362304688 0.0100021362304688 0.0100021362304688 0 0 0 0 0 0 0.0199966430664062 0.0199966430664062 0 0 0 0 0.0199966430664062 0.0199966430664062 0.0499954223632812 0.0499954223632812 0.0499954223632812 0.0499954223632812 0 0 0 0 0.0199966430664062 0.0199966430664062 0 0 18.7200012207031 18.7200012207031 0 0 12.6399993896484 12.6399993896484 0
0.0100021362304688 0.0300064086914062 0.0300064086914062 0 0 0.200004577636719 0.200004577636719 0.0100021362304688 0.0100021362304688 0.0800018310546875 0.0800018310546875 0.0199966430664062 0.0199966430664062 0.0100021362304688 0.0100021362304688 0 0 0 0 0 0 0 0 0 0 0.0300064086914062 0.0300064086914062 0.0100021362304688 0.0100021362304688 1.77999877929688 1.77999877929688 9.49999237060547 9.49999237060547 5.41000366210938 5.41000366210938 0 0 0.0900039672851562 0.0900039672851562 0.0400009155273438 0.0400009155273438 2.93999481201172 2.93999481201172 0 0 21.7700042724609 21.7700042724609 2.08000183105469
0.0100021362304688 0.0300064086914062 0.0300064086914062 0 0 0.200004577636719 0.200004577636719 0.0100021362304688 0.0100021362304688 0.0800018310546875 0.0800018310546875 0.0199966430664062 0.0199966430664062 0.0100021362304688 0.0100021362304688 0 0 0 0 0 0 0 0 0 0 0.0300064086914062 0.0300064086914062 0.0100021362304688 0.0100021362304688 1.77999877929688 1.77999877929688 9.49999237060547 9.49999237060547 5.41000366210938 5.41000366210938 0 0 0.0900039672851562 0.0900039672851562 0.0400009155273438 0.0400009155273438 2.93999481201172 2.93999481201172 0 0 21.7700042724609 21.7700042724609 2.08000183105469
0.0400009155273438 0.0100021362304688 0.0100021362304688 0 0 0.0099945068359375 0.0099945068359375 0.0100021362304688 0.0100021362304688 0.169998168945312 0.169998168945312 0 0 0 0 0 0 0 0 0 0 0.0199966430664062 0.0199966430664062 0.0100021362304688 0.0100021362304688 0 0 0 0 0.029998779296875 0.029998779296875 0 0 18.1100082397461 18.1100082397461 0.5 0.5 0 0 0.889999389648438 0.889999389648438 21.5 21.5 22.2399978637695 22.2399978637695 31.8000030517578 31.8000030517578 16.6999969482422
0.0400009155273438 0.0100021362304688 0.0100021362304688 0 0 0.0099945068359375 0.0099945068359375 0.0100021362304688 0.0100021362304688 0.169998168945312 0.169998168945312 0 0 0 0 0 0 0 0 0 0 0.0199966430664062 0.0199966430664062 0.0100021362304688 0.0100021362304688 0 0 0 0 0.029998779296875 0.029998779296875 0 0 18.1100082397461 18.1100082397461 0.5 0.5 0 0 0.889999389648438 0.889999389648438 21.5 21.5 22.2399978637695 22.2399978637695 31.8000030517578 31.8000030517578 16.6999969482422
0.0100021362304688 0.0600051879882812 0.0600051879882812 0 0 0.0499954223632812 0.0499954223632812 0 0 0 0 0 0 0.360000610351562 0.360000610351562 0.0199966430664062 0.0199966430664062 0.0099945068359375 0.0099945068359375 0.0199966430664062 0.0199966430664062 0.0200042724609375 0.0200042724609375 0 0 0 0 0 0 0 0 0 0 5.14999389648438 5.14999389648438 0.0099945068359375 0.0099945068359375 3.40000152587891 3.40000152587891 19.7399978637695 19.7399978637695 25.5199966430664 25.5199966430664 5.74000549316406 5.74000549316406 0.540000915527344 0.540000915527344 25.8099975585938
0.0100021362304688 0.0600051879882812 0.0600051879882812 0 0 0.0499954223632812 0.0499954223632812 0 0 0 0 0 0 0.360000610351562 0.360000610351562 0.0199966430664062 0.0199966430664062 0.0099945068359375 0.0099945068359375 0.0199966430664062 0.0199966430664062 0.0200042724609375 0.0200042724609375 0 0 0 0 0 0 0 0 0 0 5.14999389648438 5.14999389648438 0.0099945068359375 0.0099945068359375 3.40000152587891 3.40000152587891 19.7399978637695 19.7399978637695 25.5199966430664 25.5199966430664 5.74000549316406 5.74000549316406 0.540000915527344 0.540000915527344 25.8099975585938
0 0.0800018310546875 0.0800018310546875 0.0199966430664062 0.0199966430664062 0.029998779296875 0.029998779296875 0 0 0.0999984741210938 0.0999984741210938 0.0199966430664062 0.0199966430664062 0.0100021362304688 0.0100021362304688 0.0200042724609375 0.0200042724609375 0.209999084472656 0.209999084472656 0.0500030517578125 0.0500030517578125 0 0 0 0 0 0 0.0100021362304688 0.0100021362304688 0.0199966430664062 0.0199966430664062 0 0 0 0 0.0400009155273438 0.0400009155273438 0.0600051879882812 0.0600051879882812 0.029998779296875 0.029998779296875 0.0199966430664062 0.0199966430664062 5.61000061035156 5.61000061035156 16.0800018310547 16.0800018310547 17.0199966430664
0 0.0800018310546875 0.0800018310546875 0.0199966430664062 0.0199966430664062 0.029998779296875 0.029998779296875 0 0 0.0999984741210938 0.0999984741210938 0.0199966430664062 0.0199966430664062 0.0100021362304688 0.0100021362304688 0.0200042724609375 0.0200042724609375 0.209999084472656 0.209999084472656 0.0500030517578125 0.0500030517578125 0 0 0 0 0 0 0.0100021362304688 0.0100021362304688 0.0199966430664062 0.0199966430664062 0 0 0 0 0.0400009155273438 0.0400009155273438 0.0600051879882812 0.0600051879882812 0.029998779296875 0.029998779296875 0.0199966430664062 0.0199966430664062 5.61000061035156 5.61000061035156 16.0800018310547 16.0800018310547 17.0199966430664
0.0099945068359375 0.1199951171875 0.1199951171875 0 0 0 0 0 0 0 0 0 0 0 0 0.0199966430664062 0.0199966430664062 0.0100021362304688 0.0100021362304688 0 0 0.450004577636719 0.450004577636719 0 0 0.0400009155273438 0.0400009155273438 0 0 0.0199966430664062 0.0199966430664062 0.0100021362304688 0.0100021362304688 0.430000305175781 0.430000305175781 0 0 0 0 0 0 0.0200042724609375 0.0200042724609375 0 0 1.94999694824219 1.94999694824219 0
0.0099945068359375 0.1199951171875 0.1199951171875 0 0 0 0 0 0 0 0 0 0 0 0 0.0199966430664062 0.0199966430664062 0.0100021362304688 0.0100021362304688 0 0 0.450004577636719 0.450004577636719 0 0 0.0400009155273438 0.0400009155273438 0 0 0.0199966430664062 0.0199966430664062 0.0100021362304688 0.0100021362304688 0.430000305175781 0.430000305175781 0 0 0 0 0 0 0.0200042724609375 0.0200042724609375 0 0 1.94999694824219 1.94999694824219 0
0.139999389648438 0.0100021362304688 0.0100021362304688 0 0 0.0100021362304688 0.0100021362304688 0.0199966430664062 0.0199966430664062 0.0400009155273438 0.0400009155273438 0.029998779296875 0.029998779296875 0 0 0 0 0 0 0.0100021362304688 0.0100021362304688 0 0 0 0 0.669998168945312 0.669998168945312 0.0100021362304688 0.0100021362304688 0.089996337890625 0.089996337890625 0.0199966430664062 0.0199966430664062 0 0 0.0200042724609375 0.0200042724609375 0.0099945068359375 0.0099945068359375 0.0100021362304688 0.0100021362304688 0 0 0 0 0.0200042724609375 0.0200042724609375 0.0600051879882812
0.139999389648438 0.0100021362304688 0.0100021362304688 0 0 0.0100021362304688 0.0100021362304688 0.0199966430664062 0.0199966430664062 0.0400009155273438 0.0400009155273438 0.029998779296875 0.029998779296875 0 0 0 0 0 0 0.0100021362304688 0.0100021362304688 0 0 0 0 0.669998168945312 0.669998168945312 0.0100021362304688 0.0100021362304688 0.089996337890625 0.089996337890625 0.0199966430664062 0.0199966430664062 0 0 0.0200042724609375 0.0200042724609375 0.0099945068359375 0.0099945068359375 0.0100021362304688 0.0100021362304688 0 0 0 0 0.0200042724609375 0.0200042724609375 0.0600051879882812
0 0.0400009155273438 0.0400009155273438 0 0 0 0 0 0 0 0 0 0 0.0100021362304688 0.0100021362304688 0.0400009155273438 0.0400009155273438 0 0 0.0200042724609375 0.0200042724609375 0 0 0 0 0.0100021362304688 0.0100021362304688 0 0 0.0100021362304688 0.0100021362304688 0 0 0 0 0 0 0.0100021362304688 0.0100021362304688 0.0200042724609375 0.0200042724609375 0.0099945068359375 0.0099945068359375 0 0 0.0199966430664062 0.0199966430664062 0
0 0.0400009155273438 0.0400009155273438 0 0 0 0 0 0 0 0 0 0 0.0100021362304688 0.0100021362304688 0.0400009155273438 0.0400009155273438 0 0 0.0200042724609375 0.0200042724609375 0 0 0 0 0.0100021362304688 0.0100021362304688 0 0 0.0100021362304688 0.0100021362304688 0 0 0 0 0 0 0.0100021362304688 0.0100021362304688 0.0200042724609375 0.0200042724609375 0.0099945068359375 0.0099945068359375 0 0 0.0199966430664062 0.0199966430664062 0
0 0 0 0 0 0.0099945068359375 0.0099945068359375 0 0 0 0 0.0199966430664062 0.0199966430664062 0.0699996948242188 0.0699996948242188 0.0199966430664062 0.0199966430664062 0 0 0.0100021362304688 0.0100021362304688 0 0 0.0799942016601562 0.0799942016601562 0.0200042724609375 0.0200042724609375 0.0199966430664062 0.0199966430664062 0 0 0.229995727539062 0.229995727539062 0 0 0.55999755859375 0.55999755859375 0.0100021362304688 0.0100021362304688 0 0 0 0 0.0100021362304688 0.0100021362304688 0 0 0.0100021362304688
0 0 0 0 0 0.0099945068359375 0.0099945068359375 0 0 0 0 0.0199966430664062 0.0199966430664062 0.0699996948242188 0.0699996948242188 0.0199966430664062 0.0199966430664062 0 0 0.0100021362304688 0.0100021362304688 0 0 0.0799942016601562 0.0799942016601562 0.0200042724609375 0.0200042724609375 0.0199966430664062 0.0199966430664062 0 0 0.229995727539062 0.229995727539062 0 0 0.55999755859375 0.55999755859375 0.0100021362304688 0.0100021362304688 0 0 0 0 0.0100021362304688 0.0100021362304688 0 0 0.0100021362304688
0.0100021362304688 0 0 0 0 0.0200042724609375 0.0200042724609375 0 0 0.0100021362304688 0.0100021362304688 0.0099945068359375 0.0099945068359375 0.0099945068359375 0.0099945068359375 0 0 0 0 0.0199966430664062 0.0199966430664062 0 0 0 0 0 0 0 0 0.0199966430664062 0.0199966430664062 0 0 0 0 0.05999755859375 0.05999755859375 0 0 0.0699996948242188 0.0699996948242188 0 0 0 0 0.0100021362304688 0.0100021362304688 0
0.0100021362304688 0 0 0 0 0.0200042724609375 0.0200042724609375 0 0 0.0100021362304688 0.0100021362304688 0.0099945068359375 0.0099945068359375 0.0099945068359375 0.0099945068359375 0 0 0 0 0.0199966430664062 0.0199966430664062 0 0 0 0 0 0 0 0 0.0199966430664062 0.0199966430664062 0 0 0 0 0.05999755859375 0.05999755859375 0 0 0.0699996948242188 0.0699996948242188 0 0 0 0 0.0100021362304688 0.0100021362304688 0
