SensitivityAnalysis/input/B/tree-height.asc
NCOLS 300 
NROWS 300 
XLLCORNER 436620.00012207 
YLLCORNER 5642230.00012207 
CELLSIZE 5 
NODATA_value -3.4e+38 
[rows 273 to 293 of 300, columns 144 to 191 of 300]
0.0200042724609375 0 0 0 0 0 0 0 0 0 0 0 0 0 0 0 0 0 0 0.0400009155273438 0.0400009155273438 0.0100021362304688 0.0100021362304688 0 0 0 0 0 0 0.0500030517578125 0.0500030517578125 0 0 0.0100021362304688 0.0100021362304688 0 0 0 0 0.0400009155273438 0.0400009155273438 0 0 0 0 0.0200042724609375 0.0200042724609375 0.0100021362304688
0.0200042724609375 0 0 0 0 0 0 0 0 0 0 0 0 0 0 0 0 0 0 0.0400009155273438 0.0400009155273438 0.0100021362304688 0.0100021362304688 0 0 0 0 0 0 0.0500030517578125 0.0500030517578125 0 0 0.0100021362304688 0.0100021362304688 0 0 0 0 0.0400009155273438 0.0400009155273438 0 0 0 0 0.0200042724609375 0.0200042724609375 0.0100021362304688
0 0.0199966430664062 0.0199966430664062 0 0 0.0199966430664062 0.0199966430664062 0 0 0.0100021362304688 0.0100021362304688 0.0100021362304688 0.0100021362304688 0.0100021362304688 0.0100021362304688 0 0 0 0 0.029998779296875 0.029998779296875 0 0 0.0199966430664062 0.0199966430664062 0 0 0 0 0 0 0.0799942016601562 0.0799942016601562 0 0 0.0099945068359375 0.0099945068359375 0 0 0.0099945068359375 0.0099945068359375 0.0199966430664062 0.0199966430664062 0 0 0.029998779296875 0.029998779296875 0
0 0.0199966430664062 0.0199966430664062 0 0 0.0199966430664062 0.0199966430664062 0 0 0.0100021362304688 0.0100021362304688 0.0100021362304688 0.0100021362304688 0.0100021362304688 0.0100021362304688 0 0 0 0 0.029998779296875 0.029998779296875 0 0 0.0199966430664062 0.0199966430664062 0 0 0 0 0 0 0.0799942016601562 0.0799942016601562 0 0 0.0099945068359375 0.0099945068359375 0 0 0.0099945068359375 0.0099945068359375 0.0199966430664062 0.0199966430664062 0 0 0.029998779296875 0.029998779296875 0
0.479995727539062 0 0 0 0 0 0 0 0 0 0 0.0100021362304688 0.0100021362304688 0 0 0.0199966430664062 0.0199966430664062 0.0100021362304688 0.0100021362304688 0 0 0 0 0.110000610351562 0.110000610351562 0.0499954223632812 0.0499954223632812 0 0 0.0199966430664062 0.0199966430664062 0 0 0.0400009155273438 0.0400009155273438 0.0100021362304688 0.0100021362304688 0 0 0 0 0 0 0 0 0.0100021362304688 0.0100021362304688 0
0.479995727539062 0 0 0 0 0 0 0 0 0 0 0.0100021362304688 0.0100021362304688 0 0 0.0199966430664062 0.0199966430664062 0.0100021362304688 0.0100021362304688 0 0 0 0 0.110000610351562 0.110000610351562 0.0499954223632812 0.0499954223632812 0 0 0.0199966430664062 0.0199966430664062 0 0 0.0400009155273438 0.0400009155273438 0.0100021362304688 0.0100021362304688 0 0 0 0 0 0 0 0 0.0100021362304688 0.0100021362304688 0
0 0.05999755859375 0.05999755859375 1.09000396728516 1.09000396728516 0 0 0 0 0 0 0.0100021362304688 0.0100021362304688 0.0100021362304688 0.0100021362304688 0.0099945068359375 0.0099945068359375 0.0099945068359375 0.0099945068359375 0.0100021362304688 0.0100021362304688 0 0 0 0 0 0 0.089996337890625 0.089996337890625 0.0099945068359375 0.0099945068359375 0.0199966430664062 0.0199966430664062 0 0 0 0 0 0 0 0 0 0 0 0 0 0 0.029998779296875
0 0.05999755859375 0.05999755859375 1.09000396728516 1.09000396728516 0 0 0 0 0 0 0.0100021362304688 0.0100021362304688 0.0100021362304688 0.0100021362304688 0.0099945068359375 0.0099945068359375 0.0099945068359375 0.0099945068359375 0.0100021362304688 0.0100021362304688 0 0 0 0 0 0 0.089996337890625 0.089996337890625 0.0099945068359375 0.0099945068359375 0.0199966430664062 0.0199966430664062 0 0 0 0 0 0 0 0 0 0 0 0 0 0 0.029998779296875
0.0499954223632812 0.0500030517578125 0.0500030517578125 0 0 3.3800048828125 3.3800048828125 0.8699951171875 0.8699951171875 0.0100021362304688 0.0100021362304688 0.0100021362304688 0.0100021362304688 0 0 0.0100021362304688 0.0100021362304688 0.0300064086914062 0.0300064086914062 0.0100021362304688 0.0100021362304688 0 0 0 0 0.0300064086914062 0.0300064086914062 0.029998779296875 0.029998779296875 0.0100021362304688 0.0100021362304688 0 0 0.0100021362304688 0.0100021362304688 1.31999969482422 1.31999969482422 0.930000305175781 0.930000305175781 0.169998168945312 0.169998168945312 0.0199966430664062 0.0199966430664062 0 0 0 0 0.0100021362304688
0.0499954223632812 0.0500030517578125 0.0500030517578125 0 0 3.3800048828125 3.3800048828125 0.8699951171875 0.8699951171875 0.0100021362304688 0.0100021362304688 0.0100021362304688 0.0100021362304688 0 0 0.0100021362304688 0.0100021362304688 0.0300064086914062 0.0300064086914062 0.0100021362304688 0.0100021362304688 0 0 0 0 0.0300064086914062 0.0300064086914062 0.029998779296875 0.029998779296875 0.0100021362304688 0.0100021362304688 0 0 0.0100021362304688 0.0100021362304688 1.31999969482422 1.31999969482422 0.930000305175781 0.930000305175781 0.169998168945312 0.169998168945312 0.0199966430664062 0.0199966430664062 0 0 0 0 0.0100021362304688
0.169998168945312 0.0100021362304688 0.0100021362304688 0.170005798339844 0.170005798339844 19.379997253418 19.379997253418 0.0800018310546875 0.0800018310546875 0.989997863769531 0.989997863769531 0.339996337890625 0.339996337890625 0 0 0 0 0 0 0 0 0.0100021362304688 0.0100021362304688 0 0 0 0 0.0100021362304688 0.0100021362304688 0 0 0.0199966430664062 0.0199966430664062 0 0 0.0400009155273438 0.0400009155273438 0 0 4.94000244140625 4.94000244140625 0.290000915527344 0.290000915527344 0.0699996948242188 0.0699996948242188 0 0 0
0.169998168945312 0.0100021362304688 0.0100021362304688 0.170005798339844 0.170005798339844 19.379997253418 19.379997253418 0.0800018310546875 0.0800018310546875 0.989997863769531 0.989997863769531 0.339996337890625 0.339996337890625 0 0 0 0 0 0 0 0 0.0100021362304688 0.0100021362304688 0 0 0 0 0.0100021362304688 0.0100021362304688 0 0 0.0199966430664062 0.0199966430664062 0 0 0.0400009155273438 0.0400009155273438 0 0 4.94000244140625 4.94000244140625 0.290000915527344 0.290000915527344 0.0699996948242188 0.0699996948242188 0 0 0
0.420005798339844 0 0 0 0 0.0799942016601562 0.0799942016601562 0.0100021362304688 0.0100021362304688 11.7399978637695 11.7399978637695 19.7399978637695 19.7399978637695 0.200004577636719 0.200004577636719 0.200004577636719 0.200004577636719 0 0 0 0 0 0 0 0 0 0 0 0 0.0400009155273438 0.0400009155273438 0.0100021362304688 0.0100021362304688 0 0 0.0200042724609375 0.0200042724609375 0.029998779296875 0.029998779296875 0.389999389648438 0.389999389648438 4.84000396728516 4.84000396728516 0.900001525878906 0.900001525878906 0 0 0
0.420005798339844 0 0 0 0 0.0799942016601562 0.0799942016601562 0.0100021362304688 0.0100021362304688 11.7399978637695 11.7399978637695 19.7399978637695 19.7399978637695 0.200004577636719 0.200004577636719 0.200004577636719 0.200004577636719 0 0 0 0 0 0 0 0 0 0 0 0 0.0400009155273438 0.0400009155273438 0.0100021362304688 0.0100021362304688 0 0 0.0200042724609375 0.0200042724609375 0.029998779296875 0.029998779296875 0.389999389648438 0.389999389648438 4.84000396728516 4.84000396728516 0.900001525878906 0.900001525878906 0 0 0
0.419998168945312 0.0400009155273438 0.0400009155273438 1.11000061035156 1.11000061035156 0.0500030517578125 0.0500030517578125 0 0 0.1199951171875 0.1199951171875 0.0500030517578125 0.0500030517578125 11.120002746582 11.120002746582 0 0 0.120002746582031 0.120002746582031 0.0300064086914062 0.0300064086914062 0.0199966430664062 0.0199966430664062 0.0100021362304688 0.0100021362304688 0 0 0.0100021362304688 0.0100021362304688 0.0100021362304688 0.0100021362304688 0 0 0.0099945068359375 0.0099945068359375 0 0 0 0 0 0 0 0 0.279998779296875 0.279998779296875 0.75 0.75 0.0100021362304688
0.419998168945312 0.0400009155273438 0.0400009155273438 1.11000061035156 1.11000061035156 0.0500030517578125 0.0500030517578125 0 0 0.1199951171875 0.1199951171875 0.0500030517578125 0.0500030517578125 11.120002746582 11.120002746582 0 0 0.120002746582031 0.120002746582031 0.0300064086914062 0.0300064086914062 0.0199966430664062 0.0199966430664062 0.0100021362304688 0.0100021362304688 0 0 0.0100021362304688 0.0100021362304688 0.0100021362304688 0.0100021362304688 0 0 0.0099945068359375 0.0099945068359375 0 0 0 0 0 0 0 0 0.279998779296875 0.279998779296875 0.75 0.75 0.0100021362304688
0.150001525878906 0.120002746582031 0.120002746582031 3.1199951171875 3.1199951171875 0.680000305175781 0.680000305175781 13.3300018310547 13.3300018310547 3.75999450683594 3.75999450683594 2.55000305175781 2.55000305175781 0.30999755859375 0.30999755859375 11.7100067138672 11.7100067138672 12.6800003051758 12.6800003051758 0 0 0.0200042724609375 0.0200042724609375 0 0 0 0 0 0 0.0300064086914062 0.0300064086914062 0 0 0 0 0.0100021362304688 0.0100021362304688 0 0 0.0100021362304688 0.0100021362304688 0 0 0 0 0.0400009155273438 0.0400009155273438 0
0.150001525878906 0.120002746582031 0.120002746582031 3.1199951171875 3.1199951171875 0.680000305175781 0.680000305175781 13.3300018310547 13.3300018310547 3.75999450683594 3.75999450683594 2.55000305175781 2.55000305175781 0.30999755859375 0.30999755859375 11.7100067138672 11.7100067138672 12.6800003051758 12.6800003051758 0 0 0.0200042724609375 0.0200042724609375 0 0 0 0 0 0 0.0300064086914062 0.0300064086914062 0 0 0 0 0.0100021362304688 0.0100021362304688 0 0 0.0100021362304688 0.0100021362304688 0 0 0 0 0.0400009155273438 0.0400009155273438 0
0 0 0 0.200004577636719 0.200004577636719 0.849998474121094 0.849998474121094 7.54000091552734 7.54000091552734 0.560005187988281 0.560005187988281 0.879997253417969 0.879997253417969 0.0399932861328125 0.0399932861328125 8.26000213623047 8.26000213623047 18.25 18.25 10.9299926757812 10.9299926757812 10.8999938964844 10.8999938964844 0.229995727539062 0.229995727539062 0 0 0 0 0.0100021362304688 0.0100021362304688 0 0 0 0 0 0 0 0 0 0 0.0100021362304688 0.0100021362304688 0 0 0.0099945068359375 0.0099945068359375 0.0100021362304688
0 0 0 0.200004577636719 0.200004577636719 0.849998474121094 0.849998474121094 7.54000091552734 7.54000091552734 0.560005187988281 0.560005187988281 0.879997253417969 0.879997253417969 0.0399932861328125 0.0399932861328125 8.26000213623047 8.26000213623047 18.25 18.25 10.9299926757812 10.9299926757812 10.8999938964844 10.8999938964844 0.229995727539062 0.229995727539062 0 0 0 0 0.0100021362304688 0.0100021362304688 0 0 0 0 0 0 0 0 0 0 0.0100021362304688 0.0100021362304688 0 0 0.0099945068359375 0.0099945068359375 0.0100021362304688
0.180000305175781 0.0099945068359375 0.0099945068359375 0.279998779296875 0.279998779296875 0.25 0.25 0.0300064086914062 0.0300064086914062 0.639999389648438 0.639999389648438 0.0400009155273438 0.0400009155273438 0 0 0 0 0.529998779296875 0.529998779296875 16.609992980957 16.609992980957 6.66999816894531 6.66999816894531 0.0100021362304688 0.0100021362304688 0 0 0 0 0.029998779296875 0.029998779296875 0 0 0 0 0 0 0.0100021362304688 0.0100021362304688 0 0 0 0 0 0 0.0499954223632812 0.0499954223632812 0
