SensitivityAnalysis/input/B/tree-height.asc
NCOLS 300 
NROWS 300 
XLLCORNER 436620.00012207 
YLLCORNER 5642230.00012207 
CELLSIZE 5 
NODATA_value -3.4e+38 
[rows 0 to 20 of 300, columns 0 to 47 of 300]
0.029998779296875 0.0099945068359375 0.0099945068359375 0.0500030517578125 0.0500030517578125 0.0200042724609375 0.0200042724609375 0.019989013671875 0.019989013671875 0.029998779296875 0.029998779296875 0 0 0 0 0 0 0.019989013671875 0.019989013671875 0.0200042724609375 0.0200042724609375 0 0 0.029998779296875 0.029998779296875 0 0 0.029998779296875 0.029998779296875 0 0 0 0 0.0099945068359375 0.0099945068359375 0 0 0.010009765625 0.010009765625 0.0099945068359375 0.0099945068359375 0 0 0 0 0.0099945068359375 0.0099945068359375 0
0.029998779296875 0 0 0.0500030517578125 0.0500030517578125 0 0 0.0500030517578125 0.0500030517578125 0.05999755859375 0.05999755859375 0 0 0.019989013671875 0.019989013671875 0 0 0.029998779296875 0.029998779296875 0.0200042724609375 0.0200042724609375 0 0 0.0500030517578125 0.0500030517578125 0 0 0.040008544921875 0.040008544921875 0 0 0 0 0 0 0 0 0 0 0.010009765625 0.010009765625 0 0 0.019989013671875 0.019989013671875 0.029998779296875 0.029998779296875 0.029998779296875
0.029998779296875 0 0 0.0500030517578125 0.0500030517578125 0 0 0.0500030517578125 0.0500030517578125 0.05999755859375 0.05999755859375 0 0 0.019989013671875 0.019989013671875 0 0 0.029998779296875 0.029998779296875 0.0200042724609375 0.0200042724609375 0 0 0.0500030517578125 0.0500030517578125 0 0 0.040008544921875 0.040008544921875 0 0 0 0 0 0 0 0 0 0 0.010009765625 0.010009765625 0 0 0.019989013671875 0.019989013671875 0.029998779296875 0.029998779296875 0.029998779296875
0.0500030517578125 0 0 0.0800018310546875 0.0800018310546875 0.029998779296875 0.029998779296875 0.07000732421875 0.07000732421875 0.029998779296875 0.029998779296875 0 0 0.0399932861328125 0.0399932861328125 0.0099945068359375 0.0099945068359375 0.019989013671875 0.019989013671875 0 0 0 0 0.0099945068359375 0.0099945068359375 0.0200042724609375 0.0200042724609375 0.05999755859375 0.05999755859375 0.30999755859375 0.30999755859375 0 0 0.0200042724609375 0.0200042724609375 0.010009765625 0.010009765625 0.0200042724609375 0.0200042724609375 0.010009765625 0.010009765625 0 0 0.029998779296875 0.029998779296875 0.0099945068359375 0.0099945068359375 0
0.0500030517578125 0 0 0.0800018310546875 0.0800018310546875 0.029998779296875 0.029998779296875 0.07000732421875 0.07000732421875 0.029998779296875 0.029998779296875 0 0 0.0399932861328125 0.0399932861328125 0.0099945068359375 0.0099945068359375 0.019989013671875 0.019989013671875 0 0 0 0 0.0099945068359375 0.0099945068359375 0.0200042724609375 0.0200042724609375 0.05999755859375 0.05999755859375 0.30999755859375 0.30999755859375 0 0 0.0200042724609375 0.0200042724609375 0.010009765625 0.010009765625 0.0200042724609375 0.0200042724609375 0.010009765625 0.010009765625 0 0 0.029998779296875 0.029998779296875 0.0099945068359375 0.0099945068359375 0
0.029998779296875 0 0 0.0600128173828125 0.0600128173828125 0.019989013671875 0.019989013671875 0.1199951171875 0.1199951171875 0.029998779296875 0.029998779296875 0 0 0.0399932861328125 0.0399932861328125 0 0 0.0800018310546875 0.0800018310546875 0.029998779296875 0.029998779296875 0 0 0.0500030517578125 0.0500030517578125 0 0 0.029998779296875 0.029998779296875 0.600006103515625 0.600006103515625 0 0 0 0 0 0 0 0 0.0099945068359375 0.0099945068359375 0 0 0.0200042724609375 0.0200042724609375 0 0 0.0099945068359375
0.029998779296875 0 0 0.0600128173828125 0.0600128173828125 0.019989013671875 0.019989013671875 0.1199951171875 0.1199951171875 0.029998779296875 0.029998779296875 0 0 0.0399932861328125 0.0399932861328125 0 0 0.0800018310546875 0.0800018310546875 0.029998779296875 0.029998779296875 0 0 0.0500030517578125 0.0500030517578125 0 0 0.029998779296875 0.029998779296875 0.600006103515625 0.600006103515625 0 0 0 0 0 0 0 0 0.0099945068359375 0.0099945068359375 0 0 0.0200042724609375 0.0200042724609375 0 0 0.0099945068359375
0.029998779296875 0 0 0.0800018310546875 0.0800018310546875 0.029998779296875 0.029998779296875 0.120010375976562 0.120010375976562 0.0399932861328125 0.0399932861328125 0 0 0.0900115966796875 0.0900115966796875 0.0200042724609375 0.0200042724609375 0.07000732421875 0.07000732421875 0.0399932861328125 0.0399932861328125 0 0 0.0200042724609375 0.0200042724609375 0 0 0.07000732421875 0.07000732421875 0.0500030517578125 0.0500030517578125 0 0 0.0399932861328125 0.0399932861328125 0.0099945068359375 0.0099945068359375 0.0399932861328125 0.0399932861328125 0.0200042724609375 0.0200042724609375 0 0 0.0099945068359375 0.0099945068359375 0 0 0
0.029998779296875 0 0 0.0800018310546875 0.0800018310546875 0.029998779296875 0.029998779296875 0.120010375976562 0.120010375976562 0.0399932861328125 0.0399932861328125 0 0 0.0900115966796875 0.0900115966796875 0.0200042724609375 0.0200042724609375 0.07000732421875 0.07000732421875 0.0399932861328125 0.0399932861328125 0 0 0.0200042724609375 0.0200042724609375 0 0 0.07000732421875 0.07000732421875 0.0500030517578125 0.0500030517578125 0 0 0.0399932861328125 0.0399932861328125 0.0099945068359375 0.0099945068359375 0.0399932861328125 0.0399932861328125 0.0200042724609375 0.0200042724609375 0 0 0.0099945068359375 0.0099945068359375 0 0 0
0.0300140380859375 0 0 0.029998779296875 0.029998779296875 0 0 0.0800018310546875 0.0800018310546875 0.0500030517578125 0.0500030517578125 0 0 0.07000732421875 0.07000732421875 0.0099945068359375 0.0099945068359375 0.120010375976562 0.120010375976562 0.029998779296875 0.029998779296875 0 0 0.05999755859375 0.05999755859375 0.0099945068359375 0.0099945068359375 0.0500030517578125 0.0500030517578125 0.0099945068359375 0.0099945068359375 0 0 0.04998779296875 0.04998779296875 1.8800048828125 1.8800048828125 1.25999450683594 1.25999450683594 0 0 0 0 0.0099945068359375 0.0099945068359375 0 0 0.0099945068359375
0.0300140380859375 0 0 0.029998779296875 0.029998779296875 0 0 0.0800018310546875 0.0800018310546875 0.0500030517578125 0.0500030517578125 0 0 0.07000732421875 0.07000732421875 0.0099945068359375 0.0099945068359375 0.120010375976562 0.120010375976562 0.029998779296875 0.029998779296875 0 0 0.05999755859375 0.05999755859375 0.0099945068359375 0.0099945068359375 0.0500030517578125 0.0500030517578125 0.0099945068359375 0.0099945068359375 0 0 0.04998779296875 0.04998779296875 1.8800048828125 1.8800048828125 1.25999450683594 1.25999450683594 0 0 0 0 0.0099945068359375 0.0099945068359375 0 0 0.0099945068359375
0.0200042724609375 0.029998779296875 0.029998779296875 0.0200042724609375 0.0200042724609375 0.010009765625 0.010009765625 0.07000732421875 0.07000732421875 0.0099945068359375 0.0099945068359375 0 0 0.05999755859375 0.05999755859375 0 0 0.089996337890625 0.089996337890625 0.029998779296875 0.029998779296875 0 0 0.07000732421875 0.07000732421875 0.0099945068359375 0.0099945068359375 0.07000732421875 0.07000732421875 0 0 0 0 0.010009765625 0.010009765625 0 0 1.55999755859375 1.55999755859375 3.44000244140625 3.44000244140625 0 0 0 0 0 0 0.0699920654296875
0.0200042724609375 0.029998779296875 0.029998779296875 0.0200042724609375 0.0200042724609375 0.010009765625 0.010009765625 0.07000732421875 0.07000732421875 0.0099945068359375 0.0099945068359375 0 0 0.05999755859375 0.05999755859375 0 0 0.089996337890625 0.089996337890625 0.029998779296875 0.029998779296875 0 0 0.07000732421875 0.07000732421875 0.0099945068359375 0.0099945068359375 0.07000732421875 0.07000732421875 0 0 0 0 0.010009765625 0.010009765625 0 0 1.55999755859375 1.55999755859375 3.44000244140625 3.44000244140625 0 0 0 0 0 0 0.0699920654296875
0.0200042724609375 0 0 0.0200042724609375 0.0200042724609375 0.0099945068359375 0.0099945068359375 0.0200042724609375 0.0200042724609375 0.0099945068359375 0.0099945068359375 0 0 0.0500030517578125 0.0500030517578125 0.010009765625 0.010009765625 0.0800018310546875 0.0800018310546875 0.029998779296875 0.029998779296875 0 0 0.07000732421875 0.07000732421875 0.0099945068359375 0.0099945068359375 0.0600128173828125 0.0600128173828125 0.019989013671875 0.019989013671875 0 0 0.0500030517578125 0.0500030517578125 0.0099945068359375 0.0099945068359375 0.040008544921875 0.040008544921875 0 0 1.63999938964844 1.63999938964844 0.0399932861328125 0.0399932861328125 0 0 0.05999755859375
0.0200042724609375 0 0 0.0200042724609375 0.0200042724609375 0.0099945068359375 0.0099945068359375 0.0200042724609375 0.0200042724609375 0.0099945068359375 0.0099945068359375 0 0 0.0500030517578125 0.0500030517578125 0.010009765625 0.010009765625 0.0800018310546875 0.0800018310546875 0.029998779296875 0.029998779296875 0 0 0.07000732421875 0.07000732421875 0.0099945068359375 0.0099945068359375 0.0600128173828125 0.0600128173828125 0.019989013671875 0.019989013671875 0 0 0.0500030517578125 0.0500030517578125 0.0099945068359375 0.0099945068359375 0.040008544921875 0.040008544921875 0 0 1.63999938964844 1.63999938964844 0.0399932861328125 0.0399932861328125 0 0 0.05999755859375
0.0200042724609375 0 0 0.0200042724609375 0.0200042724609375 0.0200042724609375 0.0200042724609375 0.029998779296875 0.029998779296875 0 0 0.010009765625 0.010009765625 0.019989013671875 0.019989013671875 0.0099945068359375 0.0099945068359375 0.05999755859375 0.05999755859375 0.0200042724609375 0.0200042724609375 0 0 0.040008544921875 0.040008544921875 0 0 0.0699920654296875 0.0699920654296875 0 0 0 0 0.0200042724609375 0.0200042724609375 0 0 0.05999755859375 0.05999755859375 0.0200042724609375 0.0200042724609375 0.599990844726562 0.599990844726562 4.52999877929688 4.52999877929688 10.6300048828125 10.6300048828125 0.150009155273438
0.0200042724609375 0 0 0.0200042724609375 0.0200042724609375 0.0200042724609375 0.0200042724609375 0.029998779296875 0.029998779296875 0 0 0.010009765625 0.010009765625 0.019989013671875 0.019989013671875 0.0099945068359375 0.0099945068359375 0.05999755859375 0.05999755859375 0.0200042724609375 0.0200042724609375 0 0 0.040008544921875 0.040008544921875 0 0 0.0699920654296875 0.0699920654296875 0 0 0 0 0.0200042724609375 0.0200042724609375 0 0 0.05999755859375 0.05999755859375 0.0200042724609375 0.0200042724609375 0.599990844726562 0.599990844726562 4.52999877929688 4.52999877929688 10.6300048828125 10.6300048828125 0.150009155273438
0 0 0 0 0 0 0 0.019989013671875 0.019989013671875 0 0 0 0 0.0099945068359375 0.0099945068359375 0 0 0.0200042724609375 0.0200042724609375 0.0099945068359375 0.0099945068359375 0 0 0.0399932861328125 0.0399932861328125 0.0200042724609375 0.0200042724609375 0.05999755859375 0.05999755859375 0.0200042724609375 0.0200042724609375 0 0 0.0800018310546875 0.0800018310546875 0.0200042724609375 0.0200042724609375 0.1199951171875 0.1199951171875 0.05999755859375 0.05999755859375 0 0 0.930007934570312 0.930007934570312 6.90998840332031 6.90998840332031 13.739990234375
0 0 0 0 0 0 0 0.019989013671875 0.019989013671875 0 0 0 0 0.0099945068359375 0.0099945068359375 0 0 0.0200042724609375 0.0200042724609375 0.0099945068359375 0.0099945068359375 0 0 0.0399932861328125 0.0399932861328125 0.0200042724609375 0.0200042724609375 0.05999755859375 0.05999755859375 0.0200042724609375 0.0200042724609375 0 0 0.0800018310546875 0.0800018310546875 0.0200042724609375 0.0200042724609375 0.1199951171875 0.1199951171875 0.05999755859375 0.05999755859375 0 0 0.930007934570312 0.930007934570312 6.90998840332031 6.90998840332031 13.739990234375
0.0099945068359375 0.0200042724609375 0.0200042724609375 0 0 0 0 0 0 0 0 0.010009765625 0.010009765625 0 0 0.0099945068359375 0.0099945068359375 0.0200042724609375 0.0200042724609375 0.0099945068359375 0.0099945068359375 0 0 0.0099945068359375 0.0099945068359375 0.010009765625 0.010009765625 0.029998779296875 0.029998779296875 0.0200042724609375 0.0200042724609375 0 0 0.05999755859375 0.05999755859375 0 0 0.110000610351562 0.110000610351562 0.040008544921875 0.040008544921875 0 0 0.0800018310546875 0.0800018310546875 0.1199951171875 0.1199951171875 0.470001220703125
0.0099945068359375 0.0200042724609375 0.0200042724609375 0 0 0 0 0 0 0 0 0.010009765625 0.010009765625 0 0 0.0099945068359375 0.0099945068359375 0.0200042724609375 0.0200042724609375 0.0099945068359375 0.0099945068359375 0 0 0.0099945068359375 0.0099945068359375 0.010009765625 0.010009765625 0.029998779296875 0.029998779296875 0.0200042724609375 0.0200042724609375 0 0 0.05999755859375 0.05999755859375 0 0 0.110000610351562 0.110000610351562 0.040008544921875 0.040008544921875 0 0 0.0800018310546875 0.0800018310546875 0.1199951171875 0.1199951171875 0.470001220703125
