Application/input/E/tree-height.asc
NCOLS 200 
NROWS 200 
XLLCORNER 436495.00012207 
YLLCORNER 5647715.00012207 
CELLSIZE 5 
NODATA_value -3.4e+38 
[rows 154 to 175 of 200, columns 48 to 95 of 200]
5.33999633789062 5.33999633789062 27 27 35.3300018310547 35.3300018310547 35.4500122070312 35.4500122070312 38.6300201416016 38.6300201416016 30.9799957275391 30.9799957275391 29.010009765625 29.010009765625 32.9700012207031 32.9700012207031 29.2899932861328 29.2899932861328 28.3199920654297 28.3199920654297 32.5599975585938 32.5599975585938 33.7099914550781 33.7099914550781 28.0400085449219 28.0400085449219 28.0499877929688 28.0499877929688 17.1399993896484 17.1399993896484 28.3799896240234 28.3799896240234 20.4000091552734 20.4000091552734 22.5500030517578 22.5500030517578 24.1999969482422 24.1999969482422 13.7100067138672 13.7100067138672 11.1699981689453 11.1699981689453 25.7400054931641 25.7400054931641 23.6800079345703 23.6800079345703 33.5800018310547 33.5800018310547
5.33999633789062 5.33999633789062 27 27 35.3300018310547 35.3300018310547 35.4500122070312 35.4500122070312 38.6300201416016 38.6300201416016 30.9799957275391 30.9799957275391 29.010009765625 29.010009765625 32.9700012207031 32.9700012207031 29.2899932861328 29.2899932861328 28.3199920654297 28.3199920654297 32.5599975585938 32.5599975585938 33.7099914550781 33.7099914550781 28.0400085449219 28.0400085449219 28.0499877929688 28.0499877929688 17.1399993896484 17.1399993896484 28.3799896240234 28.3799896240234 20.4000091552734 20.4000091552734 22.5500030517578 22.5500030517578 24.1999969482422 24.1999969482422 13.7100067138672 13.7100067138672 11.1699981689453 11.1699981689453 25.7400054931641 25.7400054931641 23.6800079345703 23.6800079345703 33.5800018310547 33.5800018310547
33.8299865722656 33.8299865722656 31.5600280761719 31.5600280761719 39.1900024414062 39.1900024414062 33.1299896240234 33.1299896240234 32.3199920654297 32.3199920654297 34.9500122070312 34.9500122070312 23.9499969482422 23.9499969482422 37.1100006103516 37.1100006103516 35.8400115966797 35.8400115966797 3.27000427246094 3.27000427246094 0 0 26.8300018310547 26.8300018310547 28.3899993896484 28.3899993896484 32.4799957275391 32.4799957275391 25.4900054931641 25.4900054931641 4.45001220703125 4.45001220703125 30.1900024414062 30.1900024414062 16.4999847412109 16.4999847412109 19.8000030517578 19.8000030517578 17.3399963378906 17.3399963378906 18.2900085449219 18.2900085449219 24.2899932861328 24.2899932861328 13.0200042724609 13.0200042724609 39.8200073242188 39.8200073242188
33.8299865722656 33.8299865722656 31.5600280761719 31.5600280761719 39.1900024414062 39.1900024414062 33.1299896240234 33.1299896240234 32.3199920654297 32.3199920654297 34.9500122070312 34.9500122070312 23.9499969482422 23.9499969482422 37.1100006103516 37.1100006103516 35.8400115966797 35.8400115966797 3.27000427246094 3.27000427246094 0 0 26.8300018310547 26.8300018310547 28.3899993896484 28.3899993896484 32.4799957275391 32.4799957275391 25.4900054931641 25.4900054931641 4.45001220703125 4.45001220703125 30.1900024414062 30.1900024414062 16.4999847412109 16.4999847412109 19.8000030517578 19.8000030517578 17.3399963378906 17.3399963378906 18.2900085449219 18.2900085449219 24.2899932861328 24.2899932861328 13.0200042724609 13.0200042724609 39.8200073242188 39.8200073242188
30.8000183105469 30.8000183105469 41.8899841308594 41.8899841308594 34.6500091552734 34.6500091552734 22.3600006103516 22.3600006103516 13.7299957275391 13.7299957275391 34.2799987792969 34.2799987792969 23.3100128173828 23.3100128173828 0.659988403320312 0.659988403320312 3.08000183105469 3.08000183105469 29.9300079345703 29.9300079345703 9.1300048828125 9.1300048828125 34.7799987792969 34.7799987792969 28.4799957275391 28.4799957275391 10.1399993896484 10.1399993896484 30.8300018310547 30.8300018310547 17.3200073242188 17.3200073242188 33.2899932861328 33.2899932861328 24.7200012207031 24.7200012207031 31.9300079345703 31.9300079345703 28.7599945068359 28.7599945068359 24.3599853515625 24.3599853515625 28.5399932861328 28.5399932861328 23.0899963378906 23.0899963378906 31.9700012207031 31.9700012207031
30.8000183105469 30.8000183105469 41.8899841308594 41.8899841308594 34.6500091552734 34.6500091552734 22.3600006103516 22.3600006103516 13.7299957275391 13.7299957275391 34.2799987792969 34.2799987792969 23.3100128173828 23.3100128173828 0.659988403320312 0.659988403320312 3.08000183105469 3.08000183105469 29.9300079345703 29.9300079345703 9.1300048828125 9.1300048828125 34.7799987792969 34.7799987792969 28.4799957275391 28.4799957275391 10.1399993896484 10.1399993896484 30.8300018310547 30.8300018310547 17.3200073242188 17.3200073242188 33.2899932861328 33.2899932861328 24.7200012207031 24.7200012207031 31.9300079345703 31.9300079345703 28.7599945068359 28.7599945068359 24.3599853515625 24.3599853515625 28.5399932861328 28.5399932861328 23.0899963378906 23.0899963378906 31.9700012207031 31.9700012207031
2.19000244140625 2.19000244140625 10.72998046875 10.72998046875 24.2699890136719 24.2699890136719 38.5000152587891 38.5000152587891 36.5999908447266 36.5999908447266 31.1799926757812 31.1799926757812 40.6699981689453 40.6699981689453 19.4700012207031 19.4700012207031 41.9299926757812 41.9299926757812 1.95999145507812 1.95999145507812 37.1499938964844 37.1499938964844 39.989990234375 39.989990234375 33.3699951171875 33.3699951171875 28.0799865722656 28.0799865722656 1.79000854492188 1.79000854492188 23.1999969482422 23.1999969482422 28.2700042724609 28.2700042724609 19.3200073242188 19.3200073242188 29.7300109863281 29.7300109863281 29.2999877929688 29.2999877929688 25.739990234375 25.739990234375 23.4599914550781 23.4599914550781 19.5800018310547 19.5800018310547 14.1300048828125 14.1300048828125
2.19000244140625 2.19000244140625 10.72998046875 10.72998046875 24.2699890136719 24.2699890136719 38.5000152587891 38.5000152587891 36.5999908447266 36.5999908447266 31.1799926757812 31.1799926757812 40.6699981689453 40.6699981689453 19.4700012207031 19.4700012207031 41.9299926757812 41.9299926757812 1.95999145507812 1.95999145507812 37.1499938964844 37.1499938964844 39.989990234375 39.989990234375 33.3699951171875 33.3699951171875 28.0799865722656 28.0799865722656 1.79000854492188 1.79000854492188 23.1999969482422 23.1999969482422 28.2700042724609 28.2700042724609 19.3200073242188 19.3200073242188 29.7300109863281 29.7300109863281 29.2999877929688 29.2999877929688 25.739990234375 25.739990234375 23.4599914550781 23.4599914550781 19.5800018310547 19.5800018310547 14.1300048828125 14.1300048828125
19.8599853515625 19.8599853515625 5.51998901367188 5.51998901367188 16.0600128173828 16.0600128173828 23.3399810791016 23.3399810791016 29.3399810791016 29.3399810791016 4.30999755859375 4.30999755859375 29.3399963378906 29.3399963378906 18.7300109863281 18.7300109863281 4.44000244140625 4.44000244140625 37.8599853515625 37.8599853515625 8.05999755859375 8.05999755859375 1.30000305175781 1.30000305175781 43.1199951171875 43.1199951171875 7.59999084472656 7.59999084472656 0.30999755859375 0.30999755859375 2.35000610351562 2.35000610351562 10.7799987792969 10.7799987792969 29.9599914550781 29.9599914550781 26.6100006103516 26.6100006103516 12.4300079345703 12.4300079345703 24.7700042724609 24.7700042724609 10.5500030517578 10.5500030517578 17.4400024414062 17.4400024414062 26.3699951171875 26.3699951171875
19.8599853515625 19.8599853515625 5.51998901367188 5.51998901367188 16.0600128173828 16.0600128173828 23.3399810791016 23.3399810791016 29.3399810791016 29.3399810791016 4.30999755859375 4.30999755859375 29.3399963378906 29.3399963378906 18.7300109863281 18.7300109863281 4.44000244140625 4.44000244140625 37.8599853515625 37.8599853515625 8.05999755859375 8.05999755859375 1.30000305175781 1.30000305175781 43.1199951171875 43.1199951171875 7.59999084472656 7.59999084472656 0.30999755859375 0.30999755859375 2.35000610351562 2.35000610351562 10.7799987792969 10.7799987792969 29.9599914550781 29.9599914550781 26.6100006103516 26.6100006103516 12.4300079345703 12.4300079345703 24.7700042724609 24.7700042724609 10.5500030517578 10.5500030517578 17.4400024414062 17.4400024414062 26.3699951171875 26.3699951171875
11.1900024414062 11.1900024414062 0.779998779296875 0.779998779296875 0 0 0 0 1.25 1.25 4.70999145507812 4.70999145507812 1.75999450683594 1.75999450683594 0.100006103515625 0.100006103515625 32.8499908447266 32.8499908447266 26.5200042724609 26.5200042724609 23.6900024414062 23.6900024414062 35.3900146484375 35.3900146484375 31.8099975585938 31.8099975585938 35.2799987792969 35.2799987792969 24.9199981689453 24.9199981689453 32.8999938964844 32.8999938964844 24.2799987792969 24.2799987792969 39.0199890136719 39.0199890136719 0 0 19.7799987792969 19.7799987792969 29.3799896240234 29.3799896240234 20.5800018310547 20.5800018310547 25.6100006103516 25.6100006103516 10.9300079345703 10.9300079345703
11.1900024414062 11.1900024414062 0.779998779296875 0.779998779296875 0 0 0 0 1.25 1.25 4.70999145507812 4.70999145507812 1.75999450683594 1.75999450683594 0.100006103515625 0.100006103515625 32.8499908447266 32.8499908447266 26.5200042724609 26.5200042724609 23.6900024414062 23.6900024414062 35.3900146484375 35.3900146484375 31.8099975585938 31.8099975585938 35.2799987792969 35.2799987792969 24.9199981689453 24.9199981689453 32.8999938964844 32.8999938964844 24.2799987792969 24.2799987792969 39.0199890136719 39.0199890136719 0 0 19.7799987792969 19.7799987792969 29.3799896240234 29.3799896240234 20.5800018310547 20.5800018310547 25.6100006103516 25.6100006103516 10.9300079345703 10.9300079345703
15.0599975585938 15.0599975585938 12.239990234375 12.239990234375 10.9299926757812 10.9299926757812 7.41000366210938 7.41000366210938 11.3400268554688 11.3400268554688 21.489990234375 21.489990234375 5.16000366210938 5.16000366210938 3.19999694824219 3.19999694824219 17.9500122070312 17.9500122070312 33.0599975585938 33.0599975585938 33.8499908447266 33.8499908447266 29.6799926757812 29.6799926757812 23.9799957275391 23.9799957275391 29.6100006103516 29.6100006103516 37.739990234375 37.739990234375 42.2299957275391 42.2299957275391 23.0299987792969 23.0299987792969 0.25 0.25 36.3899993896484 36.3899993896484 41.9299926757812 41.9299926757812 14.4600067138672 14.4600067138672 18.9699859619141 18.9699859619141 25.25 25.25 38.4700012207031 38.4700012207031
15.0599975585938 15.0599975585938 12.239990234375 12.239990234375 10.9299926757812 10.9299926757812 7.41000366210938 7.41000366210938 11.3400268554688 11.3400268554688 21.489990234375 21.489990234375 5.16000366210938 5.16000366210938 3.19999694824219 3.19999694824219 17.9500122070312 17.9500122070312 33.0599975585938 33.0599975585938 33.8499908447266 33.8499908447266 29.6799926757812 29.6799926757812 23.9799957275391 23.9799957275391 29.6100006103516 29.6100006103516 37.739990234375 37.739990234375 42.2299957275391 42.2299957275391 23.0299987792969 23.0299987792969 0.25 0.25 36.3899993896484 36.3899993896484 41.9299926757812 41.9299926757812 14.4600067138672 14.4600067138672 18.9699859619141 18.9699859619141 25.25 25.25 38.4700012207031 38.4700012207031
15.2799987792969 15.2799987792969 13.1099853515625 13.1099853515625 14.9500122070312 14.9500122070312 22.5700073242188 22.5700073242188 16.5800170898438 16.5800170898438 6.9000244140625 6.9000244140625 23.25 23.25 26.6100158691406 26.6100158691406 32.2200012207031 32.2200012207031 35.6499938964844 35.6499938964844 38.1500091552734 38.1500091552734 29.8800048828125 29.8800048828125 32.3399963378906 32.3399963378906 31.1199951171875 31.1199951171875 12.5699920654297 12.5699920654297 5.510009765625 5.510009765625 31.8200073242188 31.8200073242188 29.7000122070312 29.7000122070312 5.1199951171875 5.1199951171875 3.24000549316406 3.24000549316406 33.3500061035156 33.3500061035156 0.600006103515625 0.600006103515625 22.9700012207031 22.9700012207031 12.8999938964844 12.8999938964844
15.2799987792969 15.2799987792969 13.1099853515625 13.1099853515625 14.9500122070312 14.9500122070312 22.5700073242188 22.5700073242188 16.5800170898438 16.5800170898438 6.9000244140625 6.9000244140625 23.25 23.25 26.6100158691406 26.6100158691406 32.2200012207031 32.2200012207031 35.6499938964844 35.6499938964844 38.1500091552734 38.1500091552734 29.8800048828125 29.8800048828125 32.3399963378906 32.3399963378906 31.1199951171875 31.1199951171875 12.5699920654297 12.5699920654297 5.510009765625 5.510009765625 31.8200073242188 31.8200073242188 29.7000122070312 29.7000122070312 5.1199951171875 5.1199951171875 3.24000549316406 3.24000549316406 33.3500061035156 33.3500061035156 0.600006103515625 0.600006103515625 22.9700012207031 22.9700012207031 12.8999938964844 12.8999938964844
16.3600158691406 16.3600158691406 20.9900207519531 20.9900207519531 20.3200073242188 20.3200073242188 17.0400085449219 17.0400085449219 5.52999877929688 5.52999877929688 10.6199951171875 10.6199951171875 10.6700134277344 10.6700134277344 26.9900054931641 26.9900054931641 18.2200164794922 18.2200164794922 34.7900085449219 34.7900085449219 9.69000244140625 9.69000244140625 32.6400146484375 32.6400146484375 37.0500030517578 37.0500030517578 9.40000915527344 9.40000915527344 35.7699890136719 35.7699890136719 30.8499908447266 30.8499908447266 36.2700042724609 36.2700042724609 11.3999938964844 11.3999938964844 0.139999389648438 0.139999389648438 18.9200134277344 18.9200134277344 31.8799896240234 31.8799896240234 7.09999084472656 7.09999084472656 27.9300079345703 27.9300079345703 0.839996337890625 0.839996337890625
16.3600158691406 16.3600158691406 20.9900207519531 20.9900207519531 20.3200073242188 20.3200073242188 17.0400085449219 17.0400085449219 5.52999877929688 5.52999877929688 10.6199951171875 10.6199951171875 10.6700134277344 10.6700134277344 26.9900054931641 26.9900054931641 18.2200164794922 18.2200164794922 34.7900085449219 34.7900085449219 9.69000244140625 9.69000244140625 32.6400146484375 32.6400146484375 37.0500030517578 37.0500030517578 9.40000915527344 9.40000915527344 35.7699890136719 35.7699890136719 30.8499908447266 30.8499908447266 36.2700042724609 36.2700042724609 11.3999938964844 11.3999938964844 0.139999389648438 0.139999389648438 18.9200134277344 18.9200134277344 31.8799896240234 31.8799896240234 7.09999084472656 7.09999084472656 27.9300079345703 27.9300079345703 0.839996337890625 0.839996337890625
16.739990234375 16.739990234375 22.239990234375 22.239990234375 13.6799926757812 13.6799926757812 17.4299926757812 17.4299926757812 7.33999633789062 7.33999633789062 17.8200073242188 17.8200073242188 19.5700073242188 19.5700073242188 33.4400024414062 33.4400024414062 30.1500091552734 30.1500091552734 4.66999816894531 4.66999816894531 6.30999755859375 6.30999755859375 8.489990234375 8.489990234375 2.16000366210938 2.16000366210938 0 0 3.53999328613281 3.53999328613281 39.0399932861328 39.0399932861328 35.239990234375 35.239990234375 36.6000061035156 36.6000061035156 27.4700012207031 27.4700012207031 32.7699890136719 32.7699890136719 30.3300018310547 30.3300018310547 22.6500091552734 22.6500091552734 17.2200012207031 17.2200012207031 3.489990234375 3.489990234375
16.739990234375 16.739990234375 22.239990234375 22.239990234375 13.6799926757812 13.6799926757812 17.4299926757812 17.4299926757812 7.33999633789062 7.33999633789062 17.8200073242188 17.8200073242188 19.5700073242188 19.5700073242188 33.4400024414062 33.4400024414062 30.1500091552734 30.1500091552734 4.66999816894531 4.66999816894531 6.30999755859375 6.30999755859375 8.489990234375 8.489990234375 2.16000366210938 2.16000366210938 0 0 3.53999328613281 3.53999328613281 39.0399932861328 39.0399932861328 35.239990234375 35.239990234375 36.6000061035156 36.6000061035156 27.4700012207031 27.4700012207031 32.7699890136719 32.7699890136719 30.3300018310547 30.3300018310547 22.6500091552734 22.6500091552734 17.2200012207031 17.2200012207031 3.489990234375 3.489990234375
1.62997436523438 1.62997436523438 19.3099975585938 19.3099975585938 23.1399841308594 23.1399841308594 15.8000183105469 15.8000183105469 19.6000061035156 19.6000061035156 21.52001953125 21.52001953125 19.2799987792969 19.2799987792969 31.8500061035156 31.8500061035156 8.97999572753906 8.97999572753906 2.80999755859375 2.80999755859375 8.57998657226562 8.57998657226562 16.7200012207031 16.7200012207031 6.73001098632812 6.73001098632812 34.2499847412109 34.2499847412109 6.08000183105469 6.08000183105469 36.1699981689453 36.1699981689453 32.0699920654297 32.0699920654297 19.4900054931641 19.4900054931641 41.3699951171875 41.3699951171875 27.6000061035156 27.6000061035156 19.8600006103516 19.8600006103516 27.3099975585938 27.3099975585938 0 0 0 0
1.62997436523438 1.62997436523438 19.3099975585938 19.3099975585938 23.1399841308594 23.1399841308594 15.8000183105469 15.8000183105469 19.6000061035156 19.6000061035156 21.52001953125 21.52001953125 19.2799987792969 19.2799987792969 31.8500061035156 31.8500061035156 8.97999572753906 8.97999572753906 2.80999755859375 2.80999755859375 8.57998657226562 8.57998657226562 16.7200012207031 16.7200012207031 6.73001098632812 6.73001098632812 34.2499847412109 34.2499847412109 6.08000183105469 6.08000183105469 36.1699981689453 36.1699981689453 32.0699920654297 32.0699920654297 19.4900054931641 19.4900054931641 41.3699951171875 41.3699951171875 27.6000061035156 27.6000061035156 19.8600006103516 19.8600006103516 27.3099975585938 27.3099975585938 0 0 0 0
