Application/input/E/tree-height.asc
NCOLS 200 
NROWS 200 
XLLCORNER 436495.00012207 
YLLCORNER 5647715.00012207 
CELLSIZE 5 
NODATA_value -3.4e+38 
[rows 66 to 87 of 200, columns 48 to 95 of 200]
0.899993896484375 0.899993896484375 14.0599975585938 14.0599975585938 21.6799926757812 21.6799926757812 9.44000244140625 9.44000244140625 29.3900146484375 29.3900146484375 20.7400207519531 20.7400207519531 16.8799896240234 16.8799896240234 31.5699920654297 31.5699920654297 19.7200012207031 19.7200012207031 27.6400146484375 27.6400146484375 21.1699829101562 21.1699829101562 28.6700134277344 28.6700134277344 24.9800109863281 24.9800109863281 8.99002075195312 8.99002075195312 23.239990234375 23.239990234375 15.1900024414062 15.1900024414062 22.8800048828125 22.8800048828125 14.2799987792969 14.2799987792969 31.739990234375 31.739990234375 12.6299896240234 12.6299896240234 19.0899810791016 19.0899810791016 19.8699951171875 19.8699951171875 3.59001159667969 3.59001159667969 0 0
0.899993896484375 0.899993896484375 14.0599975585938 14.0599975585938 21.6799926757812 21.6799926757812 9.44000244140625 9.44000244140625 29.3900146484375 29.3900146484375 20.7400207519531 20.7400207519531 16.8799896240234 16.8799896240234 31.5699920654297 31.5699920654297 19.7200012207031 19.7200012207031 27.6400146484375 27.6400146484375 21.1699829101562 21.1699829101562 28.6700134277344 28.6700134277344 24.9800109863281 24.9800109863281 8.99002075195312 8.99002075195312 23.239990234375 23.239990234375 15.1900024414062 15.1900024414062 22.8800048828125 22.8800048828125 14.2799987792969 14.2799987792969 31.739990234375 31.739990234375 12.6299896240234 12.6299896240234 19.0899810791016 19.0899810791016 19.8699951171875 19.8699951171875 3.59001159667969 3.59001159667969 0 0
27.1400146484375 27.1400146484375 27.739990234375 27.739990234375 22 22 24.9300231933594 24.9300231933594 28.6600036621094 28.6600036621094 20.7000122070312 20.7000122070312 11.7200012207031 11.7200012207031 25.4800109863281 25.4800109863281 31.6900024414062 31.6900024414062 16.1700134277344 16.1700134277344 26.2699890136719 26.2699890136719 20.7200012207031 20.7200012207031 24.9100036621094 24.9100036621094 21.6999816894531 21.6999816894531 16.2599792480469 16.2599792480469 19.2000122070312 19.2000122070312 13.9500122070312 13.9500122070312 24.5400085449219 24.5400085449219 27.0700073242188 27.0700073242188 26.010009765625 26.010009765625 20.8000183105469 20.8000183105469 20.8399963378906 20.8399963378906 9.70999145507812 9.70999145507812 0.30999755859375 0.30999755859375
27.1400146484375 27.1400146484375 27.739990234375 27.739990234375 22 22 24.9300231933594 24.9300231933594 28.6600036621094 28.6600036621094 20.7000122070312 20.7000122070312 11.7200012207031 11.7200012207031 25.4800109863281 25.4800109863281 31.6900024414062 31.6900024414062 16.1700134277344 16.1700134277344 26.2699890136719 26.2699890136719 20.7200012207031 20.7200012207031 24.9100036621094 24.9100036621094 21.6999816894531 21.6999816894531 16.2599792480469 16.2599792480469 19.2000122070312 19.2000122070312 13.9500122070312 13.9500122070312 24.5400085449219 24.5400085449219 27.0700073242188 27.0700073242188 26.010009765625 26.010009765625 20.8000183105469 20.8000183105469 20.8399963378906 20.8399963378906 9.70999145507812 9.70999145507812 0.30999755859375 0.30999755859375
35.6000061035156 35.6000061035156 37.4100036621094 37.4100036621094 28.1099853515625 28.1099853515625 32.0299987792969 32.0299987792969 21.4700012207031 21.4700012207031 27.1499938964844 27.1499938964844 13.5700073242188 13.5700073242188 28.2699890136719 28.2699890136719 8.91999816894531 8.91999816894531 22.1100006103516 22.1100006103516 24.8999938964844 24.8999938964844 25.3900146484375 25.3900146484375 25.1099853515625 25.1099853515625 26.239990234375 26.239990234375 2.44000244140625 2.44000244140625 7.79000854492188 7.79000854492188 25.4100036621094 25.4100036621094 25.3000183105469 25.3000183105469 25.510009765625 25.510009765625 16.4099884033203 16.4099884033203 22.8300018310547 22.8300018310547 9.12998962402344 9.12998962402344 0 0 5.81999206542969 5.81999206542969
35.6000061035156 35.6000061035156 37.4100036621094 37.4100036621094 28.1099853515625 28.1099853515625 32.0299987792969 32.0299987792969 21.4700012207031 21.4700012207031 27.1499938964844 27.1499938964844 13.5700073242188 13.5700073242188 28.2699890136719 28.2699890136719 8.91999816894531 8.91999816894531 22.1100006103516 22.1100006103516 24.8999938964844 24.8999938964844 25.3900146484375 25.3900146484375 25.1099853515625 25.1099853515625 26.239990234375 26.239990234375 2.44000244140625 2.44000244140625 7.79000854492188 7.79000854492188 25.4100036621094 25.4100036621094 25.3000183105469 25.3000183105469 25.510009765625 25.510009765625 16.4099884033203 16.4099884033203 22.8300018310547 22.8300018310547 9.12998962402344 9.12998962402344 0 0 5.81999206542969 5.81999206542969
25.8599853515625 25.8599853515625 39.8300170898438 39.8300170898438 12.2300109863281 12.2300109863281 33.2900085449219 33.2900085449219 33.9800109863281 33.9800109863281 6.08999633789062 6.08999633789062 32.4599914550781 32.4599914550781 29.6699829101562 29.6699829101562 21.9499969482422 21.9499969482422 28.0400085449219 28.0400085449219 17.1900177001953 17.1900177001953 28.4600067138672 28.4600067138672 24.0400085449219 24.0400085449219 20.2000122070312 20.2000122070312 7.47998046875 7.47998046875 16.8399963378906 16.8399963378906 27.8600158691406 27.8600158691406 22.9100036621094 22.9100036621094 24.3799896240234 24.3799896240234 26.1000061035156 26.1000061035156 11.5699920654297 11.5699920654297 28.7200012207031 28.7200012207031 0.029998779296875 0.029998779296875 11.8399963378906 11.8399963378906
25.8599853515625 25.8599853515625 39.8300170898438 39.8300170898438 12.2300109863281 12.2300109863281 33.2900085449219 33.2900085449219 33.9800109863281 33.9800109863281 6.08999633789062 6.08999633789062 32.4599914550781 32.4599914550781 29.6699829101562 29.6699829101562 21.9499969482422 21.9499969482422 28.0400085449219 28.0400085449219 17.1900177001953 17.1900177001953 28.4600067138672 28.4600067138672 24.0400085449219 24.0400085449219 20.2000122070312 20.2000122070312 7.47998046875 7.47998046875 16.8399963378906 16.8399963378906 27.8600158691406 27.8600158691406 22.9100036621094 22.9100036621094 24.3799896240234 24.3799896240234 26.1000061035156 26.1000061035156 11.5699920654297 11.5699920654297 28.7200012207031 28.7200012207031 0.029998779296875 0.029998779296875 11.8399963378906 11.8399963378906
27.3600158691406 27.3600158691406 6.67999267578125 6.67999267578125 16.1900024414062 16.1900024414062 27.6899719238281 27.6899719238281 17.52001953125 17.52001953125 33.3399963378906 33.3399963378906 31.6199951171875 31.6199951171875 21.3200073242188 21.3200073242188 9.72999572753906 9.72999572753906 37.3899993896484 37.3899993896484 36.0999908447266 36.0999908447266 30.3099975585938 30.3099975585938 23.4100036621094 23.4100036621094 25.1600036621094 25.1600036621094 24.6499938964844 24.6499938964844 25.3900146484375 25.3900146484375 28.7099914550781 28.7099914550781 30.239990234375 30.239990234375 28.4299926757812 28.4299926757812 29.3200073242188 29.3200073242188 15.0800018310547 15.0800018310547 0.0699920654296875 0.0699920654296875 0.05999755859375 0.05999755859375 27.4799957275391 27.4799957275391
27.3600158691406 27.3600158691406 6.67999267578125 6.67999267578125 16.1900024414062 16.1900024414062 27.6899719238281 27.6899719238281 17.52001953125 17.52001953125 33.3399963378906 33.3399963378906 31.6199951171875 31.6199951171875 21.3200073242188 21.3200073242188 9.72999572753906 9.72999572753906 37.3899993896484 37.3899993896484 36.0999908447266 36.0999908447266 30.3099975585938 30.3099975585938 23.4100036621094 23.4100036621094 25.1600036621094 25.1600036621094 24.6499938964844 24.6499938964844 25.3900146484375 25.3900146484375 28.7099914550781 28.7099914550781 30.239990234375 30.239990234375 28.4299926757812 28.4299926757812 29.3200073242188 29.3200073242188 15.0800018310547 15.0800018310547 0.0699920654296875 0.0699920654296875 0.05999755859375 0.05999755859375 27.4799957275391 27.4799957275391
16.3099975585938 16.3099975585938 23.1699829101562 23.1699829101562 14.9200134277344 14.9200134277344 25.6499938964844 25.6499938964844 2.62002563476562 2.62002563476562 22.2900085449219 22.2900085449219 15.7599792480469 15.7599792480469 27.8800048828125 27.8800048828125 19.9900054931641 19.9900054931641 2.11000061035156 2.11000061035156 31.9200134277344 31.9200134277344 4.33000183105469 4.33000183105469 27.6700134277344 27.6700134277344 25.7999877929688 25.7999877929688 22.8899841308594 22.8899841308594 27.0499877929688 27.0499877929688 25.7099914550781 25.7099914550781 23.5699920654297 23.5699920654297 17.9399871826172 17.9399871826172 5.77999877929688 5.77999877929688 0 0 0 0 5.94999694824219 5.94999694824219 25.9700012207031 25.9700012207031
16.3099975585938 16.3099975585938 23.1699829101562 23.1699829101562 14.9200134277344 14.9200134277344 25.6499938964844 25.6499938964844 2.62002563476562 2.62002563476562 22.2900085449219 22.2900085449219 15.7599792480469 15.7599792480469 27.8800048828125 27.8800048828125 19.9900054931641 19.9900054931641 2.11000061035156 2.11000061035156 31.9200134277344 31.9200134277344 4.33000183105469 4.33000183105469 27.6700134277344 27.6700134277344 25.7999877929688 25.7999877929688 22.8899841308594 22.8899841308594 27.0499877929688 27.0499877929688 25.7099914550781 25.7099914550781 23.5699920654297 23.5699920654297 17.9399871826172 17.9399871826172 5.77999877929688 5.77999877929688 0 0 0 0 5.94999694824219 5.94999694824219 25.9700012207031 25.9700012207031
15.8399963378906 15.8399963378906 7.42999267578125 7.42999267578125 15.8899841308594 15.8899841308594 7.17001342773438 7.17001342773438 20.3999938964844 20.3999938964844 27.239990234375 27.239990234375 17.8600158691406 17.8600158691406 14.52001953125 14.52001953125 20.3300018310547 20.3300018310547 20.4400024414062 20.4400024414062 25.3200073242188 25.3200073242188 6.75 6.75 29.3100128173828 29.3100128173828 23.3500061035156 23.3500061035156 26.510009765625 26.510009765625 24.8399963378906 24.8399963378906 16.3999938964844 16.3999938964844 31.6299896240234 31.6299896240234 17.2699890136719 17.2699890136719 11.7899932861328 11.7899932861328 1.68000793457031 1.68000793457031 0 0 14.6799926757812 14.6799926757812 22.010009765625 22.010009765625
15.8399963378906 15.8399963378906 7.42999267578125 7.42999267578125 15.8899841308594 15.8899841308594 7.17001342773438 7.17001342773438 20.3999938964844 20.3999938964844 27.239990234375 27.239990234375 17.8600158691406 17.8600158691406 14.52001953125 14.52001953125 20.3300018310547 20.3300018310547 20.4400024414062 20.4400024414062 25.3200073242188 25.3200073242188 6.75 6.75 29.3100128173828 29.3100128173828 23.3500061035156 23.3500061035156 26.510009765625 26.510009765625 24.8399963378906 24.8399963378906 16.3999938964844 16.3999938964844 31.6299896240234 31.6299896240234 17.2699890136719 17.2699890136719 11.7899932861328 11.7899932861328 1.68000793457031 1.68000793457031 0 0 14.6799926757812 14.6799926757812 22.010009765625 22.010009765625
1.35000610351562 1.35000610351562 22.4200134277344 22.4200134277344 16.9200134277344 16.9200134277344 15.9500122070312 15.9500122070312 18.2300109863281 18.2300109863281 19.8400115966797 19.8400115966797 23.9999847412109 23.9999847412109 13.6999969482422 13.6999969482422 14.9300079345703 14.9300079345703 22.2200012207031 22.2200012207031 17.9299926757812 17.9299926757812 20.6000061035156 20.6000061035156 5.06999206542969 5.06999206542969 24.1199798583984 24.1199798583984 24.2699890136719 24.2699890136719 17.8999938964844 17.8999938964844 22.3099975585938 22.3099975585938 16.0699920654297 16.0699920654297 8.3699951171875 8.3699951171875 12.4599914550781 12.4599914550781 0 0 15.4900054931641 15.4900054931641 16.8500061035156 16.8500061035156 6.89999389648438 6.89999389648438
1.35000610351562 1.35000610351562 22.4200134277344 22.4200134277344 16.9200134277344 16.9200134277344 15.9500122070312 15.9500122070312 18.2300109863281 18.2300109863281 19.8400115966797 19.8400115966797 23.9999847412109 23.9999847412109 13.6999969482422 13.6999969482422 14.9300079345703 14.9300079345703 22.2200012207031 22.2200012207031 17.9299926757812 17.9299926757812 20.6000061035156 20.6000061035156 5.06999206542969 5.06999206542969 24.1199798583984 24.1199798583984 24.2699890136719 24.2699890136719 17.8999938964844 17.8999938964844 22.3099975585938 22.3099975585938 16.0699920654297 16.0699920654297 8.3699951171875 8.3699951171875 12.4599914550781 12.4599914550781 0 0 15.4900054931641 15.4900054931641 16.8500061035156 16.8500061035156 6.89999389648438 6.89999389648438
0.160003662109375 0.160003662109375 24.1600036621094 24.1600036621094 17.9700012207031 17.9700012207031 19.1300048828125 19.1300048828125 11.8700103759766 11.8700103759766 0.470001220703125 0.470001220703125 4.80000305175781 4.80000305175781 16.3800048828125 16.3800048828125 0.610000610351562 0.610000610351562 0.210006713867188 0.210006713867188 0.029998779296875 0.029998779296875 0 0 7.77999877929688 7.77999877929688 22.4299926757812 22.4299926757812 18.3999938964844 18.3999938964844 14.4399719238281 14.4399719238281 19.6599884033203 19.6599884033203 25.1600036621094 25.1600036621094 14.5800018310547 14.5800018310547 18.7400054931641 18.7400054931641 0.110000610351562 0.110000610351562 4 4 14.6499938964844 14.6499938964844 2.03001403808594 2.03001403808594
0.160003662109375 0.160003662109375 24.1600036621094 24.1600036621094 17.9700012207031 17.9700012207031 19.1300048828125 19.1300048828125 11.8700103759766 11.8700103759766 0.470001220703125 0.470001220703125 4.80000305175781 4.80000305175781 16.3800048828125 16.3800048828125 0.610000610351562 0.610000610351562 0.210006713867188 0.210006713867188 0.029998779296875 0.029998779296875 0 0 7.77999877929688 7.77999877929688 22.4299926757812 22.4299926757812 18.3999938964844 18.3999938964844 14.4399719238281 14.4399719238281 19.6599884033203 19.6599884033203 25.1600036621094 25.1600036621094 14.5800018310547 14.5800018310547 18.7400054931641 18.7400054931641 0.110000610351562 0.110000610351562 4 4 14.6499938964844 14.6499938964844 2.03001403808594 2.03001403808594
27.2099914550781 27.2099914550781 23.0300140380859 23.0300140380859 5.27999877929688 5.27999877929688 0.259994506835938 0.259994506835938 4.52999877929688 4.52999877929688 30.8099975585938 30.8099975585938 38.0299987792969 38.0299987792969 4.63999938964844 4.63999938964844 1.43000793457031 1.43000793457031 18.6199951171875 18.6199951171875 26.0300140380859 26.0300140380859 0.0500030517578125 0.0500030517578125 1.34999084472656 1.34999084472656 18.6800079345703 18.6800079345703 17.8600006103516 17.8600006103516 6.27999877929688 6.27999877929688 9.62998962402344 9.62998962402344 21.489990234375 21.489990234375 20.3700103759766 20.3700103759766 21.3499908447266 21.3499908447266 0.660003662109375 0.660003662109375 4.02000427246094 4.02000427246094 27.6900024414062 27.6900024414062 5.65000915527344 5.65000915527344
27.2099914550781 27.2099914550781 23.0300140380859 23.0300140380859 5.27999877929688 5.27999877929688 0.259994506835938 0.259994506835938 4.52999877929688 4.52999877929688 30.8099975585938 30.8099975585938 38.0299987792969 38.0299987792969 4.63999938964844 4.63999938964844 1.43000793457031 1.43000793457031 18.6199951171875 18.6199951171875 26.0300140380859 26.0300140380859 0.0500030517578125 0.0500030517578125 1.34999084472656 1.34999084472656 18.6800079345703 18.6800079345703 17.8600006103516 17.8600006103516 6.27999877929688 6.27999877929688 9.62998962402344 9.62998962402344 21.489990234375 21.489990234375 20.3700103759766 20.3700103759766 21.3499908447266 21.3499908447266 0.660003662109375 0.660003662109375 4.02000427246094 4.02000427246094 27.6900024414062 27.6900024414062 5.65000915527344 5.65000915527344
1.15000915527344 1.15000915527344 0 0 20.8500061035156 20.8500061035156 31.0800018310547 31.0800018310547 35.4699859619141 35.4699859619141 38.2299957275391 38.2299957275391 39.2799835205078 39.2799835205078 35.4300079345703 35.4300079345703 0.599990844726562 0.599990844726562 16.3500061035156 16.3500061035156 32.9399871826172 32.9399871826172 4.59999084472656 4.59999084472656 0.120010375976562 0.120010375976562 0 0 19.3600158691406 19.3600158691406 13.2899932861328 13.2899932861328 2.27000427246094 2.27000427246094 10.3899841308594 10.3899841308594 18.7799987792969 18.7799987792969 19.9299926757812 19.9299926757812 0.639999389648438 0.639999389648438 8.69999694824219 8.69999694824219 26.1399993896484 26.1399993896484 13.0099945068359 13.0099945068359
1.15000915527344 1.15000915527344 0 0 20.8500061035156 20.8500061035156 31.0800018310547 31.0800018310547 35.4699859619141 35.4699859619141 38.2299957275391 38.2299957275391 39.2799835205078 39.2799835205078 35.4300079345703 35.4300079345703 0.599990844726562 0.599990844726562 16.3500061035156 16.3500061035156 32.9399871826172 32.9399871826172 4.59999084472656 4.59999084472656 0.120010375976562 0.120010375976562 0 0 19.3600158691406 19.3600158691406 13.2899932861328 13.2899932861328 2.27000427246094 2.27000427246094 10.3899841308594 10.3899841308594 18.7799987792969 18.7799987792969 19.9299926757812 19.9299926757812 0.639999389648438 0.639999389648438 8.69999694824219 8.69999694824219 26.1399993896484 26.1399993896484 13.0099945068359 13.0099945068359
