Application/input/E/tree-height.asc
NCOLS 200 
NROWS 200 
XLLCORNER 436495.00012207 
YLLCORNER 5647715.00012207 
CELLSIZE 5 
NODATA_value -3.4e+38 
[rows 176 to 197 of 200, columns 96 to 143 of 200]
25.7300109863281 25.7300109863281 26.0299987792969 26.0299987792969 29.3699951171875 29.3699951171875 18.4299926757812 18.4299926757812 10.2799987792969 10.2799987792969 14.4199981689453 14.4199981689453 12.5500030517578 12.5500030517578 30.1900024414062 30.1900024414062 24.2799987792969 24.2799987792969 22.7599945068359 22.7599945068359 25.6199951171875 25.6199951171875 0 0 8.49000549316406 8.49000549316406 22.5900115966797 22.5900115966797 28.4499969482422 28.4499969482422 6.94999694824219 6.94999694824219 33.9300079345703 33.9300079345703 21.3300018310547 21.3300018310547 27.3099975585938 27.3099975585938 19.5099945068359 19.5099945068359 19.7200012207031 19.7200012207031 22 22 4.25999450683594 4.25999450683594 22.510009765625 22.510009765625
25.7300109863281 25.7300109863281 26.0299987792969 26.0299987792969 29.3699951171875 29.3699951171875 18.4299926757812 18.4299926757812 10.2799987792969 10.2799987792969 14.4199981689453 14.4199981689453 12.5500030517578 12.5500030517578 30.1900024414062 30.1900024414062 24.2799987792969 24.2799987792969 22.7599945068359 22.7599945068359 25.6199951171875 25.6199951171875 0 0 8.49000549316406 8.49000549316406 22.5900115966797 22.5900115966797 28.4499969482422 28.4499969482422 6.94999694824219 6.94999694824219 33.9300079345703 33.9300079345703 21.3300018310547 21.3300018310547 27.3099975585938 27.3099975585938 19.5099945068359 19.5099945068359 19.7200012207031 19.7200012207031 22 22 4.25999450683594 4.25999450683594 22.510009765625 22.510009765625
10.4400024414062 10.4400024414062 23 23 16.5400085449219 16.5400085449219 26.3899993896484 26.3899993896484 17.5400085449219 17.5400085449219 20.4600067138672 20.4600067138672 28.9300079345703 28.9300079345703 21.9700012207031 21.9700012207031 9.51998901367188 9.51998901367188 14.5800018310547 14.5800018310547 18.5899963378906 18.5899963378906 23.6700134277344 23.6700134277344 31.4300079345703 31.4300079345703 27.7099914550781 27.7099914550781 36.0299987792969 36.0299987792969 17.8999938964844 17.8999938964844 27.2700042724609 27.2700042724609 28.9100036621094 28.9100036621094 1.55999755859375 1.55999755859375 26.6100006103516 26.6100006103516 30.0499877929688 30.0499877929688 25.3300018310547 25.3300018310547 22.75 22.75 30.4699859619141 30.4699859619141
10.4400024414062 10.4400024414062 23 23 16.5400085449219 16.5400085449219 26.3899993896484 26.3899993896484 17.5400085449219 17.5400085449219 20.4600067138672 20.4600067138672 28.9300079345703 28.9300079345703 21.9700012207031 21.9700012207031 9.51998901367188 9.51998901367188 14.5800018310547 14.5800018310547 18.5899963378906 18.5899963378906 23.6700134277344 23.6700134277344 31.4300079345703 31.4300079345703 27.7099914550781 27.7099914550781 36.0299987792969 36.0299987792969 17.8999938964844 17.8999938964844 27.2700042724609 27.2700042724609 28.9100036621094 28.9100036621094 1.55999755859375 1.55999755859375 26.6100006103516 26.6100006103516 30.0499877929688 30.0499877929688 25.3300018310547 25.3300018310547 22.75 22.75 30.4699859619141 30.4699859619141
2.84999084472656 2.84999084472656 12.9499969482422 12.9499969482422 25 25 32.3300018310547 32.3300018310547 24.6900024414062 24.6900024414062 23.9499969482422 23.9499969482422 26.7400054931641 26.7400054931641 19.9700012207031 19.9700012207031 16.5000152587891 16.5000152587891 13.0799865722656 13.0799865722656 19.2000122070312 19.2000122070312 5.97000122070312 5.97000122070312 20.5999908447266 20.5999908447266 21.6900024414062 21.6900024414062 11 11 27.5299835205078 27.5299835205078 25.7300109863281 25.7300109863281 28.4400024414062 28.4400024414062 28.2900085449219 28.2900085449219 29.8000030517578 29.8000030517578 31.8499908447266 31.8499908447266 25.7400054931641 25.7400054931641 24.739990234375 24.739990234375 29.1699981689453 29.1699981689453
2.84999084472656 2.84999084472656 12.9499969482422 12.9499969482422 25 25 32.3300018310547 32.3300018310547 24.6900024414062 24.6900024414062 23.9499969482422 23.9499969482422 26.7400054931641 26.7400054931641 19.9700012207031 19.9700012207031 16.5000152587891 16.5000152587891 13.0799865722656 13.0799865722656 19.2000122070312 19.2000122070312 5.97000122070312 5.97000122070312 20.5999908447266 20.5999908447266 21.6900024414062 21.6900024414062 11 11 27.5299835205078 27.5299835205078 25.7300109863281 25.7300109863281 28.4400024414062 28.4400024414062 28.2900085449219 28.2900085449219 29.8000030517578 29.8000030517578 31.8499908447266 31.8499908447266 25.7400054931641 25.7400054931641 24.739990234375 24.739990234375 29.1699981689453 29.1699981689453
28.0800018310547 28.0800018310547 10.1699981689453 10.1699981689453 11.4799957275391 11.4799957275391 25.6499938964844 25.6499938964844 25.1399993896484 25.1399993896484 33 33 23.6400146484375 23.6400146484375 31.6599884033203 31.6599884033203 26.489990234375 26.489990234375 13.4800109863281 13.4800109863281 6.94001770019531 6.94001770019531 15.5199890136719 15.5199890136719 24.0500030517578 24.0500030517578 20.760009765625 20.760009765625 23.0500030517578 23.0500030517578 31.1999969482422 31.1999969482422 11.3699951171875 11.3699951171875 30.0300140380859 30.0300140380859 8 8 32.3999938964844 32.3999938964844 35.1199951171875 35.1199951171875 32.1699981689453 32.1699981689453 29.8099975585938 29.8099975585938 24.1299896240234 24.1299896240234
28.0800018310547 28.0800018310547 10.1699981689453 10.1699981689453 11.4799957275391 11.4799957275391 25.6499938964844 25.6499938964844 25.1399993896484 25.1399993896484 33 33 23.6400146484375 23.6400146484375 31.6599884033203 31.6599884033203 26.489990234375 26.489990234375 13.4800109863281 13.4800109863281 6.94001770019531 6.94001770019531 15.5199890136719 15.5199890136719 24.0500030517578 24.0500030517578 20.760009765625 20.760009765625 23.0500030517578 23.0500030517578 31.1999969482422 31.1999969482422 11.3699951171875 11.3699951171875 30.0300140380859 30.0300140380859 8 8 32.3999938964844 32.3999938964844 35.1199951171875 35.1199951171875 32.1699981689453 32.1699981689453 29.8099975585938 29.8099975585938 24.1299896240234 24.1299896240234
21.9600067138672 21.9600067138672 1.58000183105469 1.58000183105469 30.4299926757812 30.4299926757812 9.33999633789062 9.33999633789062 26.3200073242188 26.3200073242188 24.4299926757812 24.4299926757812 22.4800109863281 22.4800109863281 33.6499938964844 33.6499938964844 16.8800048828125 16.8800048828125 22.8899993896484 22.8899993896484 20.989990234375 20.989990234375 22.6199951171875 22.6199951171875 23.8499908447266 23.8499908447266 23.6199798583984 23.6199798583984 23.1300201416016 23.1300201416016 16.3499908447266 16.3499908447266 20.1100006103516 20.1100006103516 22.7899932861328 22.7899932861328 4.58999633789062 4.58999633789062 27.7900085449219 27.7900085449219 26.4799957275391 26.4799957275391 33.5500030517578 33.5500030517578 27.5399932861328 27.5399932861328 25.2599945068359 25.2599945068359
21.9600067138672 21.9600067138672 1.58000183105469 1.58000183105469 30.4299926757812 30.4299926757812 9.33999633789062 9.33999633789062 26.3200073242188 26.3200073242188 24.4299926757812 24.4299926757812 22.4800109863281 22.4800109863281 33.6499938964844 33.6499938964844 16.8800048828125 16.8800048828125 22.8899993896484 22.8899993896484 20.989990234375 20.989990234375 22.6199951171875 22.6199951171875 23.8499908447266 23.8499908447266 23.6199798583984 23.6199798583984 23.1300201416016 23.1300201416016 16.3499908447266 16.3499908447266 20.1100006103516 20.1100006103516 22.7899932861328 22.7899932861328 4.58999633789062 4.58999633789062 27.7900085449219 27.7900085449219 26.4799957275391 26.4799957275391 33.5500030517578 33.5500030517578 27.5399932861328 27.5399932861328 25.2599945068359 25.2599945068359
17.0899963378906 17.0899963378906 22.7200012207031 22.7200012207031 30.0800018310547 30.0800018310547 10.3800048828125 10.3800048828125 37.1699981689453 37.1699981689453 31.8999938964844 31.8999938964844 22.7599945068359 22.7599945068359 30.6699981689453 30.6699981689453 18.4199829101562 18.4199829101562 13.1399993896484 13.1399993896484 21.1300048828125 21.1300048828125 22.8399963378906 22.8399963378906 23.1600036621094 23.1600036621094 25.6200103759766 25.6200103759766 22.9800109863281 22.9800109863281 24.2200012207031 24.2200012207031 25.1500091552734 25.1500091552734 19.9999847412109 19.9999847412109 11.6000061035156 11.6000061035156 22.8000183105469 22.8000183105469 19.5400085449219 19.5400085449219 23.3000183105469 23.3000183105469 33.0500183105469 33.0500183105469 24.4400177001953 24.4400177001953
17.0899963378906 17.0899963378906 22.7200012207031 22.7200012207031 30.0800018310547 30.0800018310547 10.3800048828125 10.3800048828125 37.1699981689453 37.1699981689453 31.8999938964844 31.8999938964844 22.7599945068359 22.7599945068359 30.6699981689453 30.6699981689453 18.4199829101562 18.4199829101562 13.1399993896484 13.1399993896484 21.1300048828125 21.1300048828125 22.8399963378906 22.8399963378906 23.1600036621094 23.1600036621094 25.6200103759766 25.6200103759766 22.9800109863281 22.9800109863281 24.2200012207031 24.2200012207031 25.1500091552734 25.1500091552734 19.9999847412109 19.9999847412109 11.6000061035156 11.6000061035156 22.8000183105469 22.8000183105469 19.5400085449219 19.5400085449219 23.3000183105469 23.3000183105469 33.0500183105469 33.0500183105469 24.4400177001953 24.4400177001953
0 0 0.1300048828125 0.1300048828125 12.4700012207031 12.4700012207031 32.0599975585938 32.0599975585938 34.5699920654297 34.5699920654297 17.9799957275391 17.9799957275391 34.7199859619141 34.7199859619141 32.8000030517578 32.8000030517578 18.9600067138672 18.9600067138672 12.7400054931641 12.7400054931641 11.8000183105469 11.8000183105469 21.8500061035156 21.8500061035156 10.3600158691406 10.3600158691406 21.6799926757812 21.6799926757812 20.1000061035156 20.1000061035156 14.3200073242188 14.3200073242188 5.97000122070312 5.97000122070312 26.510009765625 26.510009765625 14.4900054931641 14.4900054931641 9.01998901367188 9.01998901367188 24.8800048828125 24.8800048828125 25.3299865722656 25.3299865722656 19.1300048828125 19.1300048828125 21.4599914550781 21.4599914550781
0 0 0.1300048828125 0.1300048828125 12.4700012207031 12.4700012207031 32.0599975585938 32.0599975585938 34.5699920654297 34.5699920654297 17.9799957275391 17.9799957275391 34.7199859619141 34.7199859619141 32.8000030517578 32.8000030517578 18.9600067138672 18.9600067138672 12.7400054931641 12.7400054931641 11.8000183105469 11.8000183105469 21.8500061035156 21.8500061035156 10.3600158691406 10.3600158691406 21.6799926757812 21.6799926757812 20.1000061035156 20.1000061035156 14.3200073242188 14.3200073242188 5.97000122070312 5.97000122070312 26.510009765625 26.510009765625 14.4900054931641 14.4900054931641 9.01998901367188 9.01998901367188 24.8800048828125 24.8800048828125 25.3299865722656 25.3299865722656 19.1300048828125 19.1300048828125 21.4599914550781 21.4599914550781
19.9100036621094 19.9100036621094 0.019989013671875 0.019989013671875 3.97000122070312 3.97000122070312 39.3999938964844 39.3999938964844 8.5 8.5 9.63999938964844 9.63999938964844 29.5 29.5 29.4800109863281 29.4800109863281 24.9700164794922 24.9700164794922 18.0099945068359 18.0099945068359 4.75997924804688 4.75997924804688 22.0700073242188 22.0700073242188 18.7299957275391 18.7299957275391 21.7499847412109 21.7499847412109 22.0699920654297 22.0699920654297 22.9299926757812 22.9299926757812 13.75 13.75 0 0 29.6800231933594 29.6800231933594 27.3899841308594 27.3899841308594 24.2999877929688 24.2999877929688 4.83999633789062 4.83999633789062 12.4299926757812 12.4299926757812 20.5199890136719 20.5199890136719
19.9100036621094 19.9100036621094 0.019989013671875 0.019989013671875 3.97000122070312 3.97000122070312 39.3999938964844 39.3999938964844 8.5 8.5 9.63999938964844 9.63999938964844 29.5 29.5 29.4800109863281 29.4800109863281 24.9700164794922 24.9700164794922 18.0099945068359 18.0099945068359 4.75997924804688 4.75997924804688 22.0700073242188 22.0700073242188 18.7299957275391 18.7299957275391 21.7499847412109 21.7499847412109 22.0699920654297 22.0699920654297 22.9299926757812 22.9299926757812 13.75 13.75 0 0 29.6800231933594 29.6800231933594 27.3899841308594 27.3899841308594 24.2999877929688 24.2999877929688 4.83999633789062 4.83999633789062 12.4299926757812 12.4299926757812 20.5199890136719 20.5199890136719
0.720001220703125 0.720001220703125 37.8200073242188 37.8200073242188 0.0699920654296875 0.0699920654296875 16.3099975585938 16.3099975585938 34.25 34.25 31.5600128173828 31.5600128173828 30.6399993896484 30.6399993896484 27.0199890136719 27.0199890136719 15.5200042724609 15.5200042724609 14.9099884033203 14.9099884033203 21.0799865722656 21.0799865722656 9.38999938964844 9.38999938964844 27.0900115966797 27.0900115966797 18.72998046875 18.72998046875 18.4499816894531 18.4499816894531 9.1400146484375 9.1400146484375 20.4600219726562 20.4600219726562 15.1900024414062 15.1900024414062 29.4599914550781 29.4599914550781 15.739990234375 15.739990234375 8.95001220703125 8.95001220703125 6.68002319335938 6.68002319335938 19.6100158691406 19.6100158691406 25.5399780273438 25.5399780273438
0.720001220703125 0.720001220703125 37.8200073242188 37.8200073242188 0.0699920654296875 0.0699920654296875 16.3099975585938 16.3099975585938 34.25 34.25 31.5600128173828 31.5600128173828 30.6399993896484 30.6399993896484 27.0199890136719 27.0199890136719 15.5200042724609 15.5200042724609 14.9099884033203 14.9099884033203 21.0799865722656 21.0799865722656 9.38999938964844 9.38999938964844 27.0900115966797 27.0900115966797 18.72998046875 18.72998046875 18.4499816894531 18.4499816894531 9.1400146484375 9.1400146484375 20.4600219726562 20.4600219726562 15.1900024414062 15.1900024414062 29.4599914550781 29.4599914550781 15.739990234375 15.739990234375 8.95001220703125 8.95001220703125 6.68002319335938 6.68002319335938 19.6100158691406 19.6100158691406 25.5399780273438 25.5399780273438
29.4400024414062 29.4400024414062 15.3699951171875 15.3699951171875 0.25 0.25 18.5299987792969 18.5299987792969 8.87001037597656 8.87001037597656 5.57000732421875 5.57000732421875 22.489990234375 22.489990234375 26.1999969482422 26.1999969482422 20.7100067138672 20.7100067138672 0.160003662109375 0.160003662109375 11.9599914550781 11.9599914550781 14.5399780273438 14.5399780273438 18.239990234375 18.239990234375 13.4700012207031 13.4700012207031 22.6499938964844 22.6499938964844 21.8500061035156 21.8500061035156 11.27001953125 11.27001953125 14.8499755859375 14.8499755859375 2.010009765625 2.010009765625 2.44998168945312 2.44998168945312 0 0 7.86001586914062 7.86001586914062 19.9400024414062 19.9400024414062 6.21002197265625 6.21002197265625
29.4400024414062 29.4400024414062 15.3699951171875 15.3699951171875 0.25 0.25 18.5299987792969 18.5299987792969 8.87001037597656 8.87001037597656 5.57000732421875 5.57000732421875 22.489990234375 22.489990234375 26.1999969482422 26.1999969482422 20.7100067138672 20.7100067138672 0.160003662109375 0.160003662109375 11.9599914550781 11.9599914550781 14.5399780273438 14.5399780273438 18.239990234375 18.239990234375 13.4700012207031 13.4700012207031 22.6499938964844 22.6499938964844 21.8500061035156 21.8500061035156 11.27001953125 11.27001953125 14.8499755859375 14.8499755859375 2.010009765625 2.010009765625 2.44998168945312 2.44998168945312 0 0 7.86001586914062 7.86001586914062 19.9400024414062 19.9400024414062 6.21002197265625 6.21002197265625
6.41000366210938 6.41000366210938 0 0 7.55999755859375 7.55999755859375 27.5800018310547 27.5800018310547 5.60000610351562 5.60000610351562 22.5399932861328 22.5399932861328 23.8700103759766 23.8700103759766 30.6200103759766 30.6200103759766 24.3699951171875 24.3699951171875 25.3699951171875 25.3699951171875 30.1799926757812 30.1799926757812 23.6100006103516 23.6100006103516 13.9000091552734 13.9000091552734 7.06999206542969 7.06999206542969 13.3500061035156 13.3500061035156 15.9700012207031 15.9700012207031 16.9200134277344 16.9200134277344 9.23001098632812 9.23001098632812 12.1900024414062 12.1900024414062 5.16000366210938 5.16000366210938 5.12997436523438 5.12997436523438 5.8499755859375 5.8499755859375 1.1300048828125 1.1300048828125 1.760009765625 1.760009765625
6.41000366210938 6.41000366210938 0 0 7.55999755859375 7.55999755859375 27.5800018310547 27.5800018310547 5.60000610351562 5.60000610351562 22.5399932861328 22.5399932861328 23.8700103759766 23.8700103759766 30.6200103759766 30.6200103759766 24.3699951171875 24.3699951171875 25.3699951171875 25.3699951171875 30.1799926757812 30.1799926757812 23.6100006103516 23.6100006103516 13.9000091552734 13.9000091552734 7.06999206542969 7.06999206542969 13.3500061035156 13.3500061035156 15.9700012207031 15.9700012207031 16.9200134277344 16.9200134277344 9.23001098632812 9.23001098632812 12.1900024414062 12.1900024414062 5.16000366210938 5.16000366210938 5.12997436523438 5.12997436523438 5.8499755859375 5.8499755859375 1.1300048828125 1.1300048828125 1.760009765625 1.760009765625
