Application/input/E/tree-height.asc
NCOLS 200 
NROWS 200 
XLLCORNER 436495.00012207 
YLLCORNER 5647715.00012207 
CELLSIZE 5 
NODATA_value -3.4e+38 
[rows 132 to 153 of 200, columns 48 to 95 of 200]
20.4599914550781 20.4599914550781 24.4299926757812 24.4299926757812 13.030029296875 13.030029296875 24.3599853515625 24.3599853515625 29.2200012207031 29.2200012207031 26.3599853515625 26.3599853515625 20.6800231933594 20.6800231933594 13.75 13.75 10.9100036621094 10.9100036621094 28.1800079345703 28.1800079345703 30.6799926757812 30.6799926757812 15.0899810791016 15.0899810791016 10.6999969482422 10.6999969482422 6.30000305175781 6.30000305175781 25.2200012207031 25.2200012207031 14.6300048828125 14.6300048828125 11.1299896240234 11.1299896240234 11.3899993896484 11.3899993896484 7.14999389648438 7.14999389648438 33.8299865722656 33.8299865722656 4.06999206542969 4.06999206542969 29.4900054931641 29.4900054931641 6.44000244140625 6.44000244140625 30.0800018310547 30.0800018310547
20.4599914550781 20.4599914550781 24.4299926757812 24.4299926757812 13.030029296875 13.030029296875 24.3599853515625 24.3599853515625 29.2200012207031 29.2200012207031 26.3599853515625 26.3599853515625 20.6800231933594 20.6800231933594 13.75 13.75 10.9100036621094 10.9100036621094 28.1800079345703 28.1800079345703 30.6799926757812 30.6799926757812 15.0899810791016 15.0899810791016 10.6999969482422 10.6999969482422 6.30000305175781 6.30000305175781 25.2200012207031 25.2200012207031 14.6300048828125 14.6300048828125 11.1299896240234 11.1299896240234 11.3899993896484 11.3899993896484 7.14999389648438 7.14999389648438 33.8299865722656 33.8299865722656 4.06999206542969 4.06999206542969 29.4900054931641 29.4900054931641 6.44000244140625 6.44000244140625 30.0800018310547 30.0800018310547
23.9300231933594 23.9300231933594 22.0400085449219 22.0400085449219 24.3099975585938 24.3099975585938 21.4299926757812 21.4299926757812 26.1200256347656 26.1200256347656 20.1899719238281 20.1899719238281 23.2200012207031 23.2200012207031 17.1600036621094 17.1600036621094 11.7100219726562 11.7100219726562 13.7699890136719 13.7699890136719 28.0599975585938 28.0599975585938 30.25 30.25 27.2200012207031 27.2200012207031 10.4799957275391 10.4799957275391 22.1999969482422 22.1999969482422 3 3 9.44000244140625 9.44000244140625 8.87998962402344 8.87998962402344 30.4399871826172 30.4399871826172 12.510009765625 12.510009765625 12.6999969482422 12.6999969482422 27.6000061035156 27.6000061035156 30.8999938964844 30.8999938964844 29.5399932861328 29.5399932861328
23.9300231933594 23.9300231933594 22.0400085449219 22.0400085449219 24.3099975585938 24.3099975585938 21.4299926757812 21.4299926757812 26.1200256347656 26.1200256347656 20.1899719238281 20.1899719238281 23.2200012207031 23.2200012207031 17.1600036621094 17.1600036621094 11.7100219726562 11.7100219726562 13.7699890136719 13.7699890136719 28.0599975585938 28.0599975585938 30.25 30.25 27.2200012207031 27.2200012207031 10.4799957275391 10.4799957275391 22.1999969482422 22.1999969482422 3 3 9.44000244140625 9.44000244140625 8.87998962402344 8.87998962402344 30.4399871826172 30.4399871826172 12.510009765625 12.510009765625 12.6999969482422 12.6999969482422 27.6000061035156 27.6000061035156 30.8999938964844 30.8999938964844 29.5399932861328 29.5399932861328
7.88998413085938 7.88998413085938 15.52001953125 15.52001953125 20.489990234375 20.489990234375 22.3399963378906 22.3399963378906 22.4900207519531 22.4900207519531 7.03997802734375 7.03997802734375 10.8800048828125 10.8800048828125 17.4199829101562 17.4199829101562 18.25 18.25 14.8899841308594 14.8899841308594 5.42001342773438 5.42001342773438 1.239990234375 1.239990234375 4.42999267578125 4.42999267578125 19.1399993896484 19.1399993896484 11.4500122070312 11.4500122070312 27.6300048828125 27.6300048828125 10.1199951171875 10.1199951171875 0 0 7.87001037597656 7.87001037597656 5 5 3.55999755859375 3.55999755859375 28.0599975585938 28.0599975585938 5.44999694824219 5.44999694824219 21.7000122070312 21.7000122070312
7.88998413085938 7.88998413085938 15.52001953125 15.52001953125 20.489990234375 20.489990234375 22.3399963378906 22.3399963378906 22.4900207519531 22.4900207519531 7.03997802734375 7.03997802734375 10.8800048828125 10.8800048828125 17.4199829101562 17.4199829101562 18.25 18.25 14.8899841308594 14.8899841308594 5.42001342773438 5.42001342773438 1.239990234375 1.239990234375 4.42999267578125 4.42999267578125 19.1399993896484 19.1399993896484 11.4500122070312 11.4500122070312 27.6300048828125 27.6300048828125 10.1199951171875 10.1199951171875 0 0 7.87001037597656 7.87001037597656 5 5 3.55999755859375 3.55999755859375 28.0599975585938 28.0599975585938 5.44999694824219 5.44999694824219 21.7000122070312 21.7000122070312
20.5800170898438 20.5800170898438 17.7200012207031 17.7200012207031 20.2699890136719 20.2699890136719 18.0199890136719 18.0199890136719 19.9499816894531 19.9499816894531 13.010009765625 13.010009765625 0 0 12.8500061035156 12.8500061035156 20.6099853515625 20.6099853515625 17.3399963378906 17.3399963378906 4.5 4.5 8.75 8.75 0 0 9.58999633789062 9.58999633789062 12.6499938964844 12.6499938964844 20.1200103759766 20.1200103759766 0.989990234375 0.989990234375 13.6300048828125 13.6300048828125 30.3099975585938 30.3099975585938 10.3499908447266 10.3499908447266 29.4200134277344 29.4200134277344 27.6500091552734 27.6500091552734 0 0 26.6900024414062 26.6900024414062
20.5800170898438 20.5800170898438 17.7200012207031 17.7200012207031 20.2699890136719 20.2699890136719 18.0199890136719 18.0199890136719 19.9499816894531 19.9499816894531 13.010009765625 13.010009765625 0 0 12.8500061035156 12.8500061035156 20.6099853515625 20.6099853515625 17.3399963378906 17.3399963378906 4.5 4.5 8.75 8.75 0 0 9.58999633789062 9.58999633789062 12.6499938964844 12.6499938964844 20.1200103759766 20.1200103759766 0.989990234375 0.989990234375 13.6300048828125 13.6300048828125 30.3099975585938 30.3099975585938 10.3499908447266 10.3499908447266 29.4200134277344 29.4200134277344 27.6500091552734 27.6500091552734 0 0 26.6900024414062 26.6900024414062
8.1300048828125 8.1300048828125 18.9400024414062 18.9400024414062 0.079986572265625 0.079986572265625 11.47998046875 11.47998046875 16.9700012207031 16.9700012207031 8.5 8.5 13.3900146484375 13.3900146484375 15.0599975585938 15.0599975585938 14.3599853515625 14.3599853515625 17.0999755859375 17.0999755859375 23.1099853515625 23.1099853515625 0 0 4.3800048828125 4.3800048828125 1.41998291015625 1.41998291015625 6.25 6.25 8.16000366210938 8.16000366210938 5.65997314453125 5.65997314453125 10.7200012207031 10.7200012207031 8.33999633789062 8.33999633789062 8.88998413085938 8.88998413085938 6.52999877929688 6.52999877929688 24.7200012207031 24.7200012207031 15.0900115966797 15.0900115966797 28.6499938964844 28.6499938964844
8.1300048828125 8.1300048828125 18.9400024414062 18.9400024414062 0.079986572265625 0.079986572265625 11.47998046875 11.47998046875 16.9700012207031 16.9700012207031 8.5 8.5 13.3900146484375 13.3900146484375 15.0599975585938 15.0599975585938 14.3599853515625 14.3599853515625 17.0999755859375 17.0999755859375 23.1099853515625 23.1099853515625 0 0 4.3800048828125 4.3800048828125 1.41998291015625 1.41998291015625 6.25 6.25 8.16000366210938 8.16000366210938 5.65997314453125 5.65997314453125 10.7200012207031 10.7200012207031 8.33999633789062 8.33999633789062 8.88998413085938 8.88998413085938 6.52999877929688 6.52999877929688 24.7200012207031 24.7200012207031 15.0900115966797 15.0900115966797 28.6499938964844 28.6499938964844
4.6300048828125 4.6300048828125 7.64999389648438 7.64999389648438 19.9800109863281 19.9800109863281 17.510009765625 17.510009765625 17.1199951171875 17.1199951171875 16.3000183105469 16.3000183105469 2.20999145507812 2.20999145507812 7.6400146484375 7.6400146484375 14.8800048828125 14.8800048828125 31.3800048828125 31.3800048828125 21.2799835205078 21.2799835205078 20.239990234375 20.239990234375 10.0699768066406 10.0699768066406 11.9400024414062 11.9400024414062 8.25997924804688 8.25997924804688 5.42001342773438 5.42001342773438 5.1500244140625 5.1500244140625 12.2000122070312 12.2000122070312 11.2200012207031 11.2200012207031 8.04000854492188 8.04000854492188 3.18002319335938 3.18002319335938 25.3999938964844 25.3999938964844 17.4000091552734 17.4000091552734 16.739990234375 16.739990234375
4.6300048828125 4.6300048828125 7.64999389648438 7.64999389648438 19.9800109863281 19.9800109863281 17.510009765625 17.510009765625 17.1199951171875 17.1199951171875 16.3000183105469 16.3000183105469 2.20999145507812 2.20999145507812 7.6400146484375 7.6400146484375 14.8800048828125 14.8800048828125 31.3800048828125 31.3800048828125 21.2799835205078 21.2799835205078 20.239990234375 20.239990234375 10.0699768066406 10.0699768066406 11.9400024414062 11.9400024414062 8.25997924804688 8.25997924804688 5.42001342773438 5.42001342773438 5.1500244140625 5.1500244140625 12.2000122070312 12.2000122070312 11.2200012207031 11.2200012207031 8.04000854492188 8.04000854492188 3.18002319335938 3.18002319335938 25.3999938964844 25.3999938964844 17.4000091552734 17.4000091552734 16.739990234375 16.739990234375
25.52001953125 25.52001953125 4.17001342773438 4.17001342773438 1.25 1.25 26.6399841308594 26.6399841308594 16.7200012207031 16.7200012207031 38.2200012207031 38.2200012207031 9.30000305175781 9.30000305175781 4.94000244140625 4.94000244140625 31.9900054931641 31.9900054931641 25.8399963378906 25.8399963378906 21.8300170898438 21.8300170898438 31.4600067138672 31.4600067138672 20.4599914550781 20.4599914550781 3.52999877929688 3.52999877929688 4.489990234375 4.489990234375 13.2000122070312 13.2000122070312 0.370025634765625 0.370025634765625 0.100006103515625 0.100006103515625 1.33999633789062 1.33999633789062 11.4400024414062 11.4400024414062 11.2799987792969 11.2799987792969 22.9400024414062 22.9400024414062 11.9599914550781 11.9599914550781 23.0499877929688 23.0499877929688
25.52001953125 25.52001953125 4.17001342773438 4.17001342773438 1.25 1.25 26.6399841308594 26.6399841308594 16.7200012207031 16.7200012207031 38.2200012207031 38.2200012207031 9.30000305175781 9.30000305175781 4.94000244140625 4.94000244140625 31.9900054931641 31.9900054931641 25.8399963378906 25.8399963378906 21.8300170898438 21.8300170898438 31.4600067138672 31.4600067138672 20.4599914550781 20.4599914550781 3.52999877929688 3.52999877929688 4.489990234375 4.489990234375 13.2000122070312 13.2000122070312 0.370025634765625 0.370025634765625 0.100006103515625 0.100006103515625 1.33999633789062 1.33999633789062 11.4400024414062 11.4400024414062 11.2799987792969 11.2799987792969 22.9400024414062 22.9400024414062 11.9599914550781 11.9599914550781 23.0499877929688 23.0499877929688
23.0800170898438 23.0800170898438 0.989990234375 0.989990234375 33.3399963378906 33.3399963378906 27.9400024414062 27.9400024414062 32.3899993896484 32.3899993896484 26.3800048828125 26.3800048828125 34.9799957275391 34.9799957275391 39.0899963378906 39.0899963378906 11.8699951171875 11.8699951171875 27.3600006103516 27.3600006103516 28.8800048828125 28.8800048828125 25.9100036621094 25.9100036621094 16.1000061035156 16.1000061035156 17.5799865722656 17.5799865722656 4.39999389648438 4.39999389648438 3.29000854492188 3.29000854492188 7.83999633789062 7.83999633789062 8.58999633789062 8.58999633789062 6.19000244140625 6.19000244140625 32.3599853515625 32.3599853515625 6.42001342773438 6.42001342773438 6.77999877929688 6.77999877929688 34.6300048828125 34.6300048828125 24.2599945068359 24.2599945068359
23.0800170898438 23.0800170898438 0.989990234375 0.989990234375 33.3399963378906 33.3399963378906 27.9400024414062 27.9400024414062 32.3899993896484 32.3899993896484 26.3800048828125 26.3800048828125 34.9799957275391 34.9799957275391 39.0899963378906 39.0899963378906 11.8699951171875 11.8699951171875 27.3600006103516 27.3600006103516 28.8800048828125 28.8800048828125 25.9100036621094 25.9100036621094 16.1000061035156 16.1000061035156 17.5799865722656 17.5799865722656 4.39999389648438 4.39999389648438 3.29000854492188 3.29000854492188 7.83999633789062 7.83999633789062 8.58999633789062 8.58999633789062 6.19000244140625 6.19000244140625 32.3599853515625 32.3599853515625 6.42001342773438 6.42001342773438 6.77999877929688 6.77999877929688 34.6300048828125 34.6300048828125 24.2599945068359 24.2599945068359
2.69000244140625 2.69000244140625 33.6799926757812 33.6799926757812 18.6100158691406 18.6100158691406 36.6900024414062 36.6900024414062 18.4799957275391 18.4799957275391 38.4300079345703 38.4300079345703 34.6299896240234 34.6299896240234 42.9599914550781 42.9599914550781 35.1300048828125 35.1300048828125 33.9900054931641 33.9900054931641 24.9300079345703 24.9300079345703 7.25 7.25 17.1800079345703 17.1800079345703 7.63999938964844 7.63999938964844 3.16998291015625 3.16998291015625 7.739990234375 7.739990234375 3.02999877929688 3.02999877929688 18.0400085449219 18.0400085449219 20.2599792480469 20.2599792480469 32.0200042724609 32.0200042724609 14.989990234375 14.989990234375 15.4499969482422 15.4499969482422 22.2200012207031 22.2200012207031 13.4499969482422 13.4499969482422
2.69000244140625 2.69000244140625 33.6799926757812 33.6799926757812 18.6100158691406 18.6100158691406 36.6900024414062 36.6900024414062 18.4799957275391 18.4799957275391 38.4300079345703 38.4300079345703 34.6299896240234 34.6299896240234 42.9599914550781 42.9599914550781 35.1300048828125 35.1300048828125 33.9900054931641 33.9900054931641 24.9300079345703 24.9300079345703 7.25 7.25 17.1800079345703 17.1800079345703 7.63999938964844 7.63999938964844 3.16998291015625 3.16998291015625 7.739990234375 7.739990234375 3.02999877929688 3.02999877929688 18.0400085449219 18.0400085449219 20.2599792480469 20.2599792480469 32.0200042724609 32.0200042724609 14.989990234375 14.989990234375 15.4499969482422 15.4499969482422 22.2200012207031 22.2200012207031 13.4499969482422 13.4499969482422
30.7099914550781 30.7099914550781 32.9400024414062 32.9400024414062 25.5300140380859 25.5300140380859 29.0999908447266 29.0999908447266 39.9799957275391 39.9799957275391 32.4500122070312 32.4500122070312 16.2799987792969 16.2799987792969 21.75 21.75 21.7700042724609 21.7700042724609 32.5800018310547 32.5800018310547 26.3300018310547 26.3300018310547 30.0199890136719 30.0199890136719 30.0600128173828 30.0600128173828 24.1400146484375 24.1400146484375 19.6699981689453 19.6699981689453 28.0499877929688 28.0499877929688 25.3400115966797 25.3400115966797 28.7100067138672 28.7100067138672 28.1200103759766 28.1200103759766 1.43000793457031 1.43000793457031 30.3600006103516 30.3600006103516 26.8399963378906 26.8399963378906 6.22999572753906 6.22999572753906 8.99000549316406 8.99000549316406
30.7099914550781 30.7099914550781 32.9400024414062 32.9400024414062 25.5300140380859 25.5300140380859 29.0999908447266 29.0999908447266 39.9799957275391 39.9799957275391 32.4500122070312 32.4500122070312 16.2799987792969 16.2799987792969 21.75 21.75 21.7700042724609 21.7700042724609 32.5800018310547 32.5800018310547 26.3300018310547 26.3300018310547 30.0199890136719 30.0199890136719 30.0600128173828 30.0600128173828 24.1400146484375 24.1400146484375 19.6699981689453 19.6699981689453 28.0499877929688 28.0499877929688 25.3400115966797 25.3400115966797 28.7100067138672 28.7100067138672 28.1200103759766 28.1200103759766 1.43000793457031 1.43000793457031 30.3600006103516 30.3600006103516 26.8399963378906 26.8399963378906 6.22999572753906 6.22999572753906 8.99000549316406 8.99000549316406
38 38 22.1499938964844 22.1499938964844 18.8800048828125 18.8800048828125 35.2899932861328 35.2899932861328 15.3899841308594 15.3899841308594 36.4300079345703 36.4300079345703 32.4199981689453 32.4199981689453 12.6399993896484 12.6399993896484 19.2599945068359 19.2599945068359 2.739990234375 2.739990234375 38.2700042724609 38.2700042724609 5.46000671386719 5.46000671386719 14.3200073242188 14.3200073242188 22.4500122070312 22.4500122070312 28.3500061035156 28.3500061035156 23.9000091552734 23.9000091552734 30.0800018310547 30.0800018310547 30.8999938964844 30.8999938964844 22.1800079345703 22.1800079345703 23.6699981689453 23.6699981689453 15 15 7.80000305175781 7.80000305175781 20.1000061035156 20.1000061035156 0 0
38 38 22.1499938964844 22.1499938964844 18.8800048828125 18.8800048828125 35.2899932861328 35.2899932861328 15.3899841308594 15.3899841308594 36.4300079345703 36.4300079345703 32.4199981689453 32.4199981689453 12.6399993896484 12.6399993896484 19.2599945068359 19.2599945068359 2.739990234375 2.739990234375 38.2700042724609 38.2700042724609 5.46000671386719 5.46000671386719 14.3200073242188 14.3200073242188 22.4500122070312 22.4500122070312 28.3500061035156 28.3500061035156 23.9000091552734 23.9000091552734 30.0800018310547 30.0800018310547 30.8999938964844 30.8999938964844 22.1800079345703 22.1800079345703 23.6699981689453 23.6699981689453 15 15 7.80000305175781 7.80000305175781 20.1000061035156 20.1000061035156 0 0
