Calibration/input/A/tree-height.asc
NCOLS 100 
NROWS 100 
XLLCORNER 438855.00012207 
YLLCORNER 5646075.00012207 
CELLSIZE 5 
NODATA_value -3.4e+38 
[rows 21 to 41 of 100, columns 47 to 93 of 100]
21.6399841308594 19.6900024414062 19.6900024414062 27.0800170898438 27.0800170898438 19.7200012207031 19.7200012207031 9.760009765625 9.760009765625 22.0500183105469 22.0500183105469 19.3499755859375 19.3499755859375 22.6500244140625 22.6500244140625 20.239990234375 20.239990234375 18.3399963378906 18.3399963378906 24.9499816894531 24.9499816894531 17.9700012207031 17.9700012207031 0.010009765625 0.010009765625 6.26998901367188 6.26998901367188 20.6100158691406 20.6100158691406 22.0199890136719 22.0199890136719 23.2400207519531 23.2400207519531 1.6199951171875 1.6199951171875 14.8300170898438 14.8300170898438 4.95999145507812 4.95999145507812 25.5599975585938 25.5599975585938 6.54998779296875 6.54998779296875 17.3900146484375 17.3900146484375 9.64999389648438 9.64999389648438
16.5500183105469 13.3500061035156 13.3500061035156 21.1400146484375 21.1400146484375 4.26998901367188 4.26998901367188 16.4299926757812 16.4299926757812 4.45001220703125 4.45001220703125 14 14 21.2799987792969 21.2799987792969 19.010009765625 19.010009765625 22.1300048828125 22.1300048828125 24.1199951171875 24.1199951171875 25.0800018310547 25.0800018310547 0 0 9.17999267578125 9.17999267578125 24.5199890136719 24.5199890136719 20.0599975585938 20.0599975585938 18.9299926757812 18.9299926757812 19.72998046875 19.72998046875 22.3699951171875 22.3699951171875 29.7799987792969 29.7799987792969 14.239990234375 14.239990234375 23.7799987792969 23.7799987792969 4.32998657226562 4.32998657226562 8.19998168945312 8.19998168945312
16.5500183105469 13.3500061035156 13.3500061035156 21.1400146484375 21.1400146484375 4.26998901367188 4.26998901367188 16.4299926757812 16.4299926757812 4.45001220703125 4.45001220703125 14 14 21.2799987792969 21.2799987792969 19.010009765625 19.010009765625 22.1300048828125 22.1300048828125 24.1199951171875 24.1199951171875 25.0800018310547 25.0800018310547 0 0 9.17999267578125 9.17999267578125 24.5199890136719 24.5199890136719 20.0599975585938 20.0599975585938 18.9299926757812 18.9299926757812 19.72998046875 19.72998046875 22.3699951171875 22.3699951171875 29.7799987792969 29.7799987792969 14.239990234375 14.239990234375 23.7799987792969 23.7799987792969 4.32998657226562 4.32998657226562 8.19998168945312 8.19998168945312
19.2799987792969 21.0899963378906 21.0899963378906 20.260009765625 20.260009765625 14.1600036621094 14.1600036621094 20.6400146484375 20.6400146484375 19.5399780273438 19.5399780273438 13.6600036621094 13.6600036621094 20.2200012207031 20.2200012207031 27.8300170898438 27.8300170898438 20.7999877929688 20.7999877929688 19.1700134277344 19.1700134277344 25.7700042724609 25.7700042724609 28.5399932861328 28.5399932861328 24.6600036621094 24.6600036621094 18.8399963378906 18.8399963378906 22.1000061035156 22.1000061035156 22.3999938964844 22.3999938964844 22.8299865722656 22.8299865722656 15.9500122070312 15.9500122070312 26.8500061035156 26.8500061035156 27.7599792480469 27.7599792480469 27.6199951171875 27.6199951171875 23.1600036621094 23.1600036621094 25.9500122070312 25.9500122070312
19.2799987792969 21.0899963378906 21.0899963378906 20.260009765625 20.260009765625 14.1600036621094 14.1600036621094 20.6400146484375 20.6400146484375 19.5399780273438 19.5399780273438 13.6600036621094 13.6600036621094 20.2200012207031 20.2200012207031 27.8300170898438 27.8300170898438 20.7999877929688 20.7999877929688 19.1700134277344 19.1700134277344 25.7700042724609 25.7700042724609 28.5399932861328 28.5399932861328 24.6600036621094 24.6600036621094 18.8399963378906 18.8399963378906 22.1000061035156 22.1000061035156 22.3999938964844 22.3999938964844 22.8299865722656 22.8299865722656 15.9500122070312 15.9500122070312 26.8500061035156 26.8500061035156 27.7599792480469 27.7599792480469 27.6199951171875 27.6199951171875 23.1600036621094 23.1600036621094 25.9500122070312 25.9500122070312
23.27001953125 18.0400085449219 18.0400085449219 15.8100280761719 15.8100280761719 18.1199951171875 18.1199951171875 19.3600158691406 19.3600158691406 12.2099914550781 12.2099914550781 22.4600219726562 22.4600219726562 23.8100280761719 23.8100280761719 7.6099853515625 7.6099853515625 27.0699768066406 27.0699768066406 13.1999816894531 13.1999816894531 0.110000610351562 0.110000610351562 23.6900024414062 23.6900024414062 8.38998413085938 8.38998413085938 22.0399780273438 22.0399780273438 21.7699890136719 21.7699890136719 18.260009765625 18.260009765625 22.9700012207031 22.9700012207031 0 0 24.4400024414062 24.4400024414062 27.9100036621094 27.9100036621094 24.2900085449219 24.2900085449219 26.7699890136719 26.7699890136719 21.7599792480469 21.7599792480469
23.27001953125 18.0400085449219 18.0400085449219 15.8100280761719 15.8100280761719 18.1199951171875 18.1199951171875 19.3600158691406 19.3600158691406 12.2099914550781 12.2099914550781 22.4600219726562 22.4600219726562 23.8100280761719 23.8100280761719 7.6099853515625 7.6099853515625 27.0699768066406 27.0699768066406 13.1999816894531 13.1999816894531 0.110000610351562 0.110000610351562 23.6900024414062 23.6900024414062 8.38998413085938 8.38998413085938 22.0399780273438 22.0399780273438 21.7699890136719 21.7699890136719 18.260009765625 18.260009765625 22.9700012207031 22.9700012207031 0 0 24.4400024414062 24.4400024414062 27.9100036621094 27.9100036621094 24.2900085449219 24.2900085449219 26.7699890136719 26.7699890136719 21.7599792480469 21.7599792480469
16.6699829101562 21.75 21.75 15.1800231933594 15.1800231933594 17.3099975585938 17.3099975585938 24.7000122070312 24.7000122070312 13.1600036621094 13.1600036621094 17 17 16.8200073242188 16.8200073242188 27.7599792480469 27.7599792480469 26.6600036621094 26.6600036621094 18.4900054931641 18.4900054931641 20.3700103759766 20.3700103759766 17.3099822998047 17.3099822998047 20.5599975585938 20.5599975585938 22.25 22.25 20.8899841308594 20.8899841308594 21.9400024414062 21.9400024414062 20.6299743652344 20.6299743652344 17.0899963378906 17.0899963378906 30.4199829101562 30.4199829101562 33.0299987792969 33.0299987792969 24.0899963378906 24.0899963378906 28.9800109863281 28.9800109863281 24.9500122070312 24.9500122070312
16.6699829101562 21.75 21.75 15.1800231933594 15.1800231933594 17.3099975585938 17.3099975585938 24.7000122070312 24.7000122070312 13.1600036621094 13.1600036621094 17 17 16.8200073242188 16.8200073242188 27.7599792480469 27.7599792480469 26.6600036621094 26.6600036621094 18.4900054931641 18.4900054931641 20.3700103759766 20.3700103759766 17.3099822998047 17.3099822998047 20.5599975585938 20.5599975585938 22.25 22.25 20.8899841308594 20.8899841308594 21.9400024414062 21.9400024414062 20.6299743652344 20.6299743652344 17.0899963378906 17.0899963378906 30.4199829101562 30.4199829101562 33.0299987792969 33.0299987792969 24.0899963378906 24.0899963378906 28.9800109863281 28.9800109863281 24.9500122070312 24.9500122070312
35.4299926757812 27.0899963378906 27.0899963378906 19.75 19.75 25.0399780273438 25.0399780273438 23.27001953125 23.27001953125 3.70999145507812 3.70999145507812 27.1600036621094 27.1600036621094 20.8499755859375 20.8499755859375 26.22998046875 26.22998046875 3.47998046875 3.47998046875 24.0999908447266 24.0999908447266 14.5099945068359 14.5099945068359 18.1700134277344 18.1700134277344 23.739990234375 23.739990234375 19.1099853515625 19.1099853515625 7.51998901367188 7.51998901367188 20.8999938964844 20.8999938964844 23.3699951171875 23.3699951171875 14.9300231933594 14.9300231933594 27.7799987792969 27.7799987792969 32.6699829101562 32.6699829101562 27.3000183105469 27.3000183105469 10.2300109863281 10.2300109863281 31.0899963378906 31.0899963378906
35.4299926757812 27.0899963378906 27.0899963378906 19.75 19.75 25.0399780273438 25.0399780273438 23.27001953125 23.27001953125 3.70999145507812 3.70999145507812 27.1600036621094 27.1600036621094 20.8499755859375 20.8499755859375 26.22998046875 26.22998046875 3.47998046875 3.47998046875 24.0999908447266 24.0999908447266 14.5099945068359 14.5099945068359 18.1700134277344 18.1700134277344 23.739990234375 23.739990234375 19.1099853515625 19.1099853515625 7.51998901367188 7.51998901367188 20.8999938964844 20.8999938964844 23.3699951171875 23.3699951171875 14.9300231933594 14.9300231933594 27.7799987792969 27.7799987792969 32.6699829101562 32.6699829101562 27.3000183105469 27.3000183105469 10.2300109863281 10.2300109863281 31.0899963378906 31.0899963378906
30.6099853515625 34.0700073242188 34.0700073242188 1.30999755859375 1.30999755859375 23.8999938964844 23.8999938964844 25.27001953125 25.27001953125 25.3699951171875 25.3699951171875 18.4599914550781 18.4599914550781 18.6600036621094 18.6600036621094 19.3600158691406 19.3600158691406 20.1999969482422 20.1999969482422 19.6299896240234 19.6299896240234 2.26998901367188 2.26998901367188 20.6000213623047 20.6000213623047 22.75 22.75 19.0499877929688 19.0499877929688 12.2200012207031 12.2200012207031 25.1800231933594 25.1800231933594 22.8600158691406 22.8600158691406 23.989990234375 23.989990234375 20.9200134277344 20.9200134277344 6.02001953125 6.02001953125 32.3399963378906 32.3399963378906 23.989990234375 23.989990234375 30.5799865722656 30.5799865722656
30.6099853515625 34.0700073242188 34.0700073242188 1.30999755859375 1.30999755859375 23.8999938964844 23.8999938964844 25.27001953125 25.27001953125 25.3699951171875 25.3699951171875 18.4599914550781 18.4599914550781 18.6600036621094 18.6600036621094 19.3600158691406 19.3600158691406 20.1999969482422 20.1999969482422 19.6299896240234 19.6299896240234 2.26998901367188 2.26998901367188 20.6000213623047 20.6000213623047 22.75 22.75 19.0499877929688 19.0499877929688 12.2200012207031 12.2200012207031 25.1800231933594 25.1800231933594 22.8600158691406 22.8600158691406 23.989990234375 23.989990234375 20.9200134277344 20.9200134277344 6.02001953125 6.02001953125 32.3399963378906 32.3399963378906 23.989990234375 23.989990234375 30.5799865722656 30.5799865722656
0 38.1500244140625 38.1500244140625 25.5799865722656 25.5799865722656 31.5399780273438 31.5399780273438 30.0800170898438 30.0800170898438 26.0299987792969 26.0299987792969 22.9300231933594 22.9300231933594 25.6000061035156 25.6000061035156 20.4400024414062 20.4400024414062 21.4499969482422 21.4499969482422 19.6500091552734 19.6500091552734 24.5399932861328 24.5399932861328 23.9300079345703 23.9300079345703 27.3800048828125 27.3800048828125 31.1099853515625 31.1099853515625 18.760009765625 18.760009765625 20.4700012207031 20.4700012207031 1.36001586914062 1.36001586914062 17.2799987792969 17.2799987792969 32.0799865722656 32.0799865722656 21.9100036621094 21.9100036621094 25.77001953125 25.77001953125 30.6199951171875 30.6199951171875 25.22998046875 25.22998046875
0 38.1500244140625 38.1500244140625 25.5799865722656 25.5799865722656 31.5399780273438 31.5399780273438 30.0800170898438 30.0800170898438 26.0299987792969 26.0299987792969 22.9300231933594 22.9300231933594 25.6000061035156 25.6000061035156 20.4400024414062 20.4400024414062 21.4499969482422 21.4499969482422 19.6500091552734 19.6500091552734 24.5399932861328 24.5399932861328 23.9300079345703 23.9300079345703 27.3800048828125 27.3800048828125 31.1099853515625 31.1099853515625 18.760009765625 18.760009765625 20.4700012207031 20.4700012207031 1.36001586914062 1.36001586914062 17.2799987792969 17.2799987792969 32.0799865722656 32.0799865722656 21.9100036621094 21.9100036621094 25.77001953125 25.77001953125 30.6199951171875 30.6199951171875 25.22998046875 25.22998046875
26.9500122070312 31.8500061035156 31.8500061035156 8 8 1.94000244140625 1.94000244140625 31.9000244140625 31.9000244140625 24.1999816894531 24.1999816894531 22.5599975585938 22.5599975585938 19.3600158691406 19.3600158691406 24.2300109863281 24.2300109863281 12.760009765625 12.760009765625 29.0800018310547 29.0800018310547 22.0700073242188 22.0700073242188 18.8099975585938 18.8099975585938 23.3699951171875 23.3699951171875 19.2000122070312 19.2000122070312 10.5199890136719 10.5199890136719 15.8800048828125 15.8800048828125 0 0 18.2699890136719 18.2699890136719 29.4300231933594 29.4300231933594 20.2000122070312 20.2000122070312 26.8899841308594 26.8899841308594 26.3299865722656 26.3299865722656 19.8299865722656 19.8299865722656
26.9500122070312 31.8500061035156 31.8500061035156 8 8 1.94000244140625 1.94000244140625 31.9000244140625 31.9000244140625 24.1999816894531 24.1999816894531 22.5599975585938 22.5599975585938 19.3600158691406 19.3600158691406 24.2300109863281 24.2300109863281 12.760009765625 12.760009765625 29.0800018310547 29.0800018310547 22.0700073242188 22.0700073242188 18.8099975585938 18.8099975585938 23.3699951171875 23.3699951171875 19.2000122070312 19.2000122070312 10.5199890136719 10.5199890136719 15.8800048828125 15.8800048828125 0 0 18.2699890136719 18.2699890136719 29.4300231933594 29.4300231933594 20.2000122070312 20.2000122070312 26.8899841308594 26.8899841308594 26.3299865722656 26.3299865722656 19.8299865722656 19.8299865722656
33 28.9700012207031 28.9700012207031 3.79000854492188 3.79000854492188 4.77999877929688 4.77999877929688 17.5700073242188 17.5700073242188 5.51998901367188 5.51998901367188 22.1499938964844 22.1499938964844 18.1000061035156 18.1000061035156 11.5899810791016 11.5899810791016 25.7699890136719 25.7699890136719 25.489990234375 25.489990234375 12.4799957275391 12.4799957275391 24.6600036621094 24.6600036621094 19.3699951171875 19.3699951171875 9.38998413085938 9.38998413085938 27.5699768066406 27.5699768066406 21.9200134277344 21.9200134277344 0.389984130859375 0.389984130859375 11.8099975585938 11.8099975585938 25.4600219726562 25.4600219726562 31.3199768066406 31.3199768066406 22.75 22.75 23.9700012207031 23.9700012207031 29.6400146484375 29.6400146484375
33 28.9700012207031 28.9700012207031 3.79000854492188 3.79000854492188 4.77999877929688 4.77999877929688 17.5700073242188 17.5700073242188 5.51998901367188 5.51998901367188 22.1499938964844 22.1499938964844 18.1000061035156 18.1000061035156 11.5899810791016 11.5899810791016 25.7699890136719 25.7699890136719 25.489990234375 25.489990234375 12.4799957275391 12.4799957275391 24.6600036621094 24.6600036621094 19.3699951171875 19.3699951171875 9.38998413085938 9.38998413085938 27.5699768066406 27.5699768066406 21.9200134277344 21.9200134277344 0.389984130859375 0.389984130859375 11.8099975585938 11.8099975585938 25.4600219726562 25.4600219726562 31.3199768066406 31.3199768066406 22.75 22.75 23.9700012207031 23.9700012207031 29.6400146484375 29.6400146484375
32.3500061035156 27.4100036621094 27.4100036621094 10.2900085449219 10.2900085449219 31.2400207519531 31.2400207519531 23.6099853515625 23.6099853515625 13.1400146484375 13.1400146484375 23.6499938964844 23.6499938964844 15.3199768066406 15.3199768066406 19.0500030517578 19.0500030517578 21.9099884033203 21.9099884033203 29.4699859619141 29.4699859619141 22.3699798583984 22.3699798583984 22.1300048828125 22.1300048828125 25.0799865722656 25.0799865722656 16.5799865722656 16.5799865722656 12.1499938964844 12.1499938964844 20.6000061035156 20.6000061035156 17.3699951171875 17.3699951171875 19.4100036621094 19.4100036621094 30.1999816894531 30.1999816894531 15.4100036621094 15.4100036621094 25.6000061035156 25.6000061035156 19.1999816894531 19.1999816894531 27.9200134277344 27.9200134277344
32.3500061035156 27.4100036621094 27.4100036621094 10.2900085449219 10.2900085449219 31.2400207519531 31.2400207519531 23.6099853515625 23.6099853515625 13.1400146484375 13.1400146484375 23.6499938964844 23.6499938964844 15.3199768066406 15.3199768066406 19.0500030517578 19.0500030517578 21.9099884033203 21.9099884033203 29.4699859619141 29.4699859619141 22.3699798583984 22.3699798583984 22.1300048828125 22.1300048828125 25.0799865722656 25.0799865722656 16.5799865722656 16.5799865722656 12.1499938964844 12.1499938964844 20.6000061035156 20.6000061035156 17.3699951171875 17.3699951171875 19.4100036621094 19.4100036621094 30.1999816894531 30.1999816894531 15.4100036621094 15.4100036621094 25.6000061035156 25.6000061035156 19.1999816894531 19.1999816894531 27.9200134277344 27.9200134277344
