Calibration/input/A/tree-height.asc
NCOLS 100 
NROWS 100 
XLLCORNER 438855.00012207 
YLLCORNER 5646075.00012207 
CELLSIZE 5 
NODATA_value -3.4e+38 
[rows 63 to 83 of 100, columns 47 to 93 of 100]
22.5299987792969 26.239990234375 26.239990234375 31.7900085449219 31.7900085449219 32.5299835205078 32.5299835205078 28.2800140380859 28.2800140380859 0 0 27.7800140380859 27.7800140380859 3.27000427246094 3.27000427246094 1.93000793457031 1.93000793457031 26.6499938964844 26.6499938964844 32.8200073242188 32.8200073242188 9.29998779296875 9.29998779296875 14.5899963378906 14.5899963378906 20.0599975585938 20.0599975585938 32.1600036621094 32.1600036621094 1.8699951171875 1.8699951171875 35.02001953125 35.02001953125 0 0 2.010009765625 2.010009765625 30.97998046875 30.97998046875 5.48001098632812 5.48001098632812 27.5199890136719 27.5199890136719 23.5599975585938 23.5599975585938 22.8800048828125 22.8800048828125
28.5899963378906 28.280029296875 28.280029296875 34.0800018310547 34.0800018310547 30.3899993896484 30.3899993896484 9.04998779296875 9.04998779296875 9.07000732421875 9.07000732421875 23.6200103759766 23.6200103759766 29.3399963378906 29.3399963378906 33.3099822998047 33.3099822998047 21.1399993896484 21.1399993896484 23.7200012207031 23.7200012207031 33.4499816894531 33.4499816894531 26 26 27.3199768066406 27.3199768066406 0.779998779296875 0.779998779296875 28 28 0 0 29.6000061035156 29.6000061035156 5.21002197265625 5.21002197265625 0 0 24.3399963378906 24.3399963378906 23.27001953125 23.27001953125 24.0599975585938 24.0599975585938 28.8299865722656 28.8299865722656
28.5899963378906 28.280029296875 28.280029296875 34.0800018310547 34.0800018310547 30.3899993896484 30.3899993896484 9.04998779296875 9.04998779296875 9.07000732421875 9.07000732421875 23.6200103759766 23.6200103759766 29.3399963378906 29.3399963378906 33.3099822998047 33.3099822998047 21.1399993896484 21.1399993896484 23.7200012207031 23.7200012207031 33.4499816894531 33.4499816894531 26 26 27.3199768066406 27.3199768066406 0.779998779296875 0.779998779296875 28 28 0 0 29.6000061035156 29.6000061035156 5.21002197265625 5.21002197265625 0 0 24.3399963378906 24.3399963378906 23.27001953125 23.27001953125 24.0599975585938 24.0599975585938 28.8299865722656 28.8299865722656
24.6100158691406 24.6100158691406 24.6100158691406 31.2799835205078 31.2799835205078 0 0 23 23 28.1400146484375 28.1400146484375 0.590011596679688 0.590011596679688 21.4399871826172 21.4399871826172 32.0500030517578 32.0500030517578 4.760009765625 4.760009765625 27.9500122070312 27.9500122070312 31.5199890136719 31.5199890136719 23.1300048828125 23.1300048828125 27.239990234375 27.239990234375 21.6199951171875 21.6199951171875 11.6399841308594 11.6399841308594 18.8200073242188 18.8200073242188 9.35000610351562 9.35000610351562 0 0 1.75997924804688 1.75997924804688 35.5899963378906 35.5899963378906 14.760009765625 14.760009765625 6.08999633789062 6.08999633789062 28.010009765625 28.010009765625
24.6100158691406 24.6100158691406 24.6100158691406 31.2799835205078 31.2799835205078 0 0 23 23 28.1400146484375 28.1400146484375 0.590011596679688 0.590011596679688 21.4399871826172 21.4399871826172 32.0500030517578 32.0500030517578 4.760009765625 4.760009765625 27.9500122070312 27.9500122070312 31.5199890136719 31.5199890136719 23.1300048828125 23.1300048828125 27.239990234375 27.239990234375 21.6199951171875 21.6199951171875 11.6399841308594 11.6399841308594 18.8200073242188 18.8200073242188 9.35000610351562 9.35000610351562 0 0 1.75997924804688 1.75997924804688 35.5899963378906 35.5899963378906 14.760009765625 14.760009765625 6.08999633789062 6.08999633789062 28.010009765625 28.010009765625
0.389984130859375 29.8099822998047 29.8099822998047 30.3999938964844 30.3999938964844 35.3800201416016 35.3800201416016 25.6299896240234 25.6299896240234 28.3800201416016 28.3800201416016 33.5800018310547 33.5800018310547 29.7700042724609 29.7700042724609 24.0099945068359 24.0099945068359 4.239990234375 4.239990234375 18.3500061035156 18.3500061035156 36.7699890136719 36.7699890136719 18.2300109863281 18.2300109863281 6.20001220703125 6.20001220703125 29.6400146484375 29.6400146484375 38.5800170898438 38.5800170898438 33.8899841308594 33.8899841308594 0 0 0.860015869140625 0.860015869140625 0.1199951171875 0.1199951171875 34.4199829101562 34.4199829101562 29.2200012207031 29.2200012207031 16.0899963378906 16.0899963378906 31.6499938964844 31.6499938964844
0.389984130859375 29.8099822998047 29.8099822998047 30.3999938964844 30.3999938964844 35.3800201416016 35.3800201416016 25.6299896240234 25.6299896240234 28.3800201416016 28.3800201416016 33.5800018310547 33.5800018310547 29.7700042724609 29.7700042724609 24.0099945068359 24.0099945068359 4.239990234375 4.239990234375 18.3500061035156 18.3500061035156 36.7699890136719 36.7699890136719 18.2300109863281 18.2300109863281 6.20001220703125 6.20001220703125 29.6400146484375 29.6400146484375 38.5800170898438 38.5800170898438 33.8899841308594 33.8899841308594 0 0 0.860015869140625 0.860015869140625 0.1199951171875 0.1199951171875 34.4199829101562 34.4199829101562 29.2200012207031 29.2200012207031 16.0899963378906 16.0899963378906 31.6499938964844 31.6499938964844
22.5300140380859 27.9300079345703 27.9300079345703 10.7400054931641 10.7400054931641 0.569992065429688 0.569992065429688 30.3800048828125 30.3800048828125 29.3199920654297 29.3199920654297 0 0 7.85000610351562 7.85000610351562 27.1399841308594 27.1399841308594 24.6400146484375 24.6400146484375 28.8900146484375 28.8900146484375 32.0800170898438 32.0800170898438 29.4400024414062 29.4400024414062 33.97998046875 33.97998046875 24.6600036621094 24.6600036621094 34.510009765625 34.510009765625 1.07998657226562 1.07998657226562 0.44000244140625 0.44000244140625 1.10000610351562 1.10000610351562 0.17999267578125 0.17999267578125 40.1600036621094 40.1600036621094 26.8699951171875 26.8699951171875 30.9800109863281 30.9800109863281 9.32000732421875 9.32000732421875
22.5300140380859 27.9300079345703 27.9300079345703 10.7400054931641 10.7400054931641 0.569992065429688 0.569992065429688 30.3800048828125 30.3800048828125 29.3199920654297 29.3199920654297 0 0 7.85000610351562 7.85000610351562 27.1399841308594 27.1399841308594 24.6400146484375 24.6400146484375 28.8900146484375 28.8900146484375 32.0800170898438 32.0800170898438 29.4400024414062 29.4400024414062 33.97998046875 33.97998046875 24.6600036621094 24.6600036621094 34.510009765625 34.510009765625 1.07998657226562 1.07998657226562 0.44000244140625 0.44000244140625 1.10000610351562 1.10000610351562 0.17999267578125 0.17999267578125 40.1600036621094 40.1600036621094 26.8699951171875 26.8699951171875 30.9800109863281 30.9800109863281 9.32000732421875 9.32000732421875
0.159988403320312 0.339996337890625 0.339996337890625 24.0600128173828 24.0600128173828 32.7800140380859 32.7800140380859 31.7900085449219 31.7900085449219 20.9100036621094 20.9100036621094 13.5899963378906 13.5899963378906 25.3299865722656 25.3299865722656 0.80999755859375 0.80999755859375 28.0199890136719 28.0199890136719 23.6500244140625 23.6500244140625 31.9400024414062 31.9400024414062 32.0700073242188 32.0700073242188 31.0899963378906 31.0899963378906 6.489990234375 6.489990234375 29.9500122070312 29.9500122070312 0.3699951171875 0.3699951171875 0.569976806640625 0.569976806640625 0.8599853515625 0.8599853515625 19.5299987792969 19.5299987792969 5.17999267578125 5.17999267578125 12.9700012207031 12.9700012207031 18.4200134277344 18.4200134277344 29.8200073242188 29.8200073242188
0.159988403320312 0.339996337890625 0.339996337890625 24.0600128173828 24.0600128173828 32.7800140380859 32.7800140380859 31.7900085449219 31.7900085449219 20.9100036621094 20.9100036621094 13.5899963378906 13.5899963378906 25.3299865722656 25.3299865722656 0.80999755859375 0.80999755859375 28.0199890136719 28.0199890136719 23.6500244140625 23.6500244140625 31.9400024414062 31.9400024414062 32.0700073242188 32.0700073242188 31.0899963378906 31.0899963378906 6.489990234375 6.489990234375 29.9500122070312 29.9500122070312 0.3699951171875 0.3699951171875 0.569976806640625 0.569976806640625 0.8599853515625 0.8599853515625 19.5299987792969 19.5299987792969 5.17999267578125 5.17999267578125 12.9700012207031 12.9700012207031 18.4200134277344 18.4200134277344 29.8200073242188 29.8200073242188
1.80000305175781 0.0500030517578125 0.0500030517578125 30.25 30.25 2.64999389648438 2.64999389648438 16 16 25.8300018310547 25.8300018310547 24.4400024414062 24.4400024414062 23.0599975585938 23.0599975585938 21.8999938964844 21.8999938964844 30.9299926757812 30.9299926757812 30.3799743652344 30.3799743652344 32.8800048828125 32.8800048828125 9.60000610351562 9.60000610351562 11.1099853515625 11.1099853515625 17.4199829101562 17.4199829101562 10.5499877929688 10.5499877929688 0.05999755859375 0.05999755859375 27.9900207519531 27.9900207519531 13.3600158691406 13.3600158691406 0.02001953125 0.02001953125 35.6200256347656 35.6200256347656 9.32000732421875 9.32000732421875 35.0899963378906 35.0899963378906 22.6299743652344 22.6299743652344
1.80000305175781 0.0500030517578125 0.0500030517578125 30.25 30.25 2.64999389648438 2.64999389648438 16 16 25.8300018310547 25.8300018310547 24.4400024414062 24.4400024414062 23.0599975585938 23.0599975585938 21.8999938964844 21.8999938964844 30.9299926757812 30.9299926757812 30.3799743652344 30.3799743652344 32.8800048828125 32.8800048828125 9.60000610351562 9.60000610351562 11.1099853515625 11.1099853515625 17.4199829101562 17.4199829101562 10.5499877929688 10.5499877929688 0.05999755859375 0.05999755859375 27.9900207519531 27.9900207519531 13.3600158691406 13.3600158691406 0.02001953125 0.02001953125 35.6200256347656 35.6200256347656 9.32000732421875 9.32000732421875 35.0899963378906 35.0899963378906 22.6299743652344 22.6299743652344
6.22000122070312 28.4599914550781 28.4599914550781 30.0600128173828 30.0600128173828 20.6100006103516 20.6100006103516 32.6900177001953 32.6900177001953 3.68998718261719 3.68998718261719 8.66000366210938 8.66000366210938 0 0 28.4400024414062 28.4400024414062 24.0299987792969 24.0299987792969 26.3099975585938 26.3099975585938 21.4700012207031 21.4700012207031 28.1400146484375 28.1400146484375 23.0599975585938 23.0599975585938 23.1300048828125 23.1300048828125 32.8999938964844 32.8999938964844 22.3500061035156 22.3500061035156 30.3800048828125 30.3800048828125 29.4800109863281 29.4800109863281 35.4700012207031 35.4700012207031 32.6099853515625 32.6099853515625 1.28997802734375 1.28997802734375 14.3699951171875 14.3699951171875 28.2999877929688 28.2999877929688
6.22000122070312 28.4599914550781 28.4599914550781 30.0600128173828 30.0600128173828 20.6100006103516 20.6100006103516 32.6900177001953 32.6900177001953 3.68998718261719 3.68998718261719 8.66000366210938 8.66000366210938 0 0 28.4400024414062 28.4400024414062 24.0299987792969 24.0299987792969 26.3099975585938 26.3099975585938 21.4700012207031 21.4700012207031 28.1400146484375 28.1400146484375 23.0599975585938 23.0599975585938 23.1300048828125 23.1300048828125 32.8999938964844 32.8999938964844 22.3500061035156 22.3500061035156 30.3800048828125 30.3800048828125 29.4800109863281 29.4800109863281 35.4700012207031 35.4700012207031 32.6099853515625 32.6099853515625 1.28997802734375 1.28997802734375 14.3699951171875 14.3699951171875 28.2999877929688 28.2999877929688
17.8800048828125 26.1199951171875 26.1199951171875 22.9199829101562 22.9199829101562 27.5599975585938 27.5599975585938 30.5299987792969 30.5299987792969 21.6000061035156 21.6000061035156 6.67001342773438 6.67001342773438 14.9700012207031 14.9700012207031 32.0799865722656 32.0799865722656 27.1699829101562 27.1699829101562 26.6199951171875 26.6199951171875 15.3099975585938 15.3099975585938 31.0500183105469 31.0500183105469 17.3699951171875 17.3699951171875 13.4599914550781 13.4599914550781 28.2200012207031 28.2200012207031 27.0400085449219 27.0400085449219 28.2200012207031 28.2200012207031 23.489990234375 23.489990234375 29.9599914550781 29.9599914550781 30.6300048828125 30.6300048828125 18.6199951171875 18.6199951171875 35.1499938964844 35.1499938964844 5.33999633789062 5.33999633789062
17.8800048828125 26.1199951171875 26.1199951171875 22.9199829101562 22.9199829101562 27.5599975585938 27.5599975585938 30.5299987792969 30.5299987792969 21.6000061035156 21.6000061035156 6.67001342773438 6.67001342773438 14.9700012207031 14.9700012207031 32.0799865722656 32.0799865722656 27.1699829101562 27.1699829101562 26.6199951171875 26.6199951171875 15.3099975585938 15.3099975585938 31.0500183105469 31.0500183105469 17.3699951171875 17.3699951171875 13.4599914550781 13.4599914550781 28.2200012207031 28.2200012207031 27.0400085449219 27.0400085449219 28.2200012207031 28.2200012207031 23.489990234375 23.489990234375 29.9599914550781 29.9599914550781 30.6300048828125 30.6300048828125 18.6199951171875 18.6199951171875 35.1499938964844 35.1499938964844 5.33999633789062 5.33999633789062
13.6499938964844 29.9500122070312 29.9500122070312 36.1000213623047 36.1000213623047 24.5899963378906 24.5899963378906 27.1099853515625 27.1099853515625 20.0899963378906 20.0899963378906 29.1100158691406 29.1100158691406 6.16998291015625 6.16998291015625 23.1399841308594 23.1399841308594 24.7200012207031 24.7200012207031 10.2200012207031 10.2200012207031 11.9700012207031 11.9700012207031 25.8099975585938 25.8099975585938 24.6900024414062 24.6900024414062 6.69000244140625 6.69000244140625 26.52001953125 26.52001953125 4.989990234375 4.989990234375 27.02001953125 27.02001953125 27.8200073242188 27.8200073242188 18 18 34.2300109863281 34.2300109863281 30.6400146484375 30.6400146484375 29.1100158691406 29.1100158691406 31.3600158691406 31.3600158691406
13.6499938964844 29.9500122070312 29.9500122070312 36.1000213623047 36.1000213623047 24.5899963378906 24.5899963378906 27.1099853515625 27.1099853515625 20.0899963378906 20.0899963378906 29.1100158691406 29.1100158691406 6.16998291015625 6.16998291015625 23.1399841308594 23.1399841308594 24.7200012207031 24.7200012207031 10.2200012207031 10.2200012207031 11.9700012207031 11.9700012207031 25.8099975585938 25.8099975585938 24.6900024414062 24.6900024414062 6.69000244140625 6.69000244140625 26.52001953125 26.52001953125 4.989990234375 4.989990234375 27.02001953125 27.02001953125 27.8200073242188 27.8200073242188 18 18 34.2300109863281 34.2300109863281 30.6400146484375 30.6400146484375 29.1100158691406 29.1100158691406 31.3600158691406 31.3600158691406
22.2400054931641 30.1700134277344 30.1700134277344 17.0599822998047 17.0599822998047 25.7599792480469 25.7599792480469 24.8500061035156 24.8500061035156 16.0400085449219 16.0400085449219 30.1799926757812 30.1799926757812 28.7300109863281 28.7300109863281 18.3399963378906 18.3399963378906 11.010009765625 11.010009765625 21.8800048828125 21.8800048828125 4.25997924804688 4.25997924804688 0 0 24.3500061035156 24.3500061035156 25.4800109863281 25.4800109863281 14.6400146484375 14.6400146484375 14.989990234375 14.989990234375 23.3499755859375 23.3499755859375 22.0099792480469 22.0099792480469 29.010009765625 29.010009765625 6.54998779296875 6.54998779296875 32.8999938964844 32.8999938964844 23.8800048828125 23.8800048828125 35.7300109863281 35.7300109863281
22.2400054931641 30.1700134277344 30.1700134277344 17.0599822998047 17.0599822998047 25.7599792480469 25.7599792480469 24.8500061035156 24.8500061035156 16.0400085449219 16.0400085449219 30.1799926757812 30.1799926757812 28.7300109863281 28.7300109863281 18.3399963378906 18.3399963378906 11.010009765625 11.010009765625 21.8800048828125 21.8800048828125 4.25997924804688 4.25997924804688 0 0 24.3500061035156 24.3500061035156 25.4800109863281 25.4800109863281 14.6400146484375 14.6400146484375 14.989990234375 14.989990234375 23.3499755859375 23.3499755859375 22.0099792480469 22.0099792480469 29.010009765625 29.010009765625 6.54998779296875 6.54998779296875 32.8999938964844 32.8999938964844 23.8800048828125 23.8800048828125 35.7300109863281 35.7300109863281
