Calibration/input/A/tree-height.asc
NCOLS 100 
NROWS 100 
XLLCORNER 438855.00012207 
YLLCORNER 5646075.00012207 
CELLSIZE 5 
NODATA_value -3.4e+38 
[rows 42 to 62 of 100, columns 47 to 93 of 100]
25.1699829101562 27.5800170898438 27.5800170898438 30.7300109863281 30.7300109863281 29.010009765625 29.010009765625 33.2799987792969 33.2799987792969 30.6400146484375 30.6400146484375 34.5099792480469 34.5099792480469 13.3700103759766 13.3700103759766 17.5299987792969 17.5299987792969 15.7300109863281 15.7300109863281 3.8800048828125 3.8800048828125 26.3800048828125 26.3800048828125 30.2799987792969 30.2799987792969 30.1900024414062 30.1900024414062 33.0299987792969 33.0299987792969 23.5599975585938 23.5599975585938 2.1300048828125 2.1300048828125 1.5999755859375 1.5999755859375 26.4900207519531 26.4900207519531 24.7300109863281 24.7300109863281 27.5299987792969 27.5299987792969 29.1600036621094 29.1600036621094 27.2200012207031 27.2200012207031 25.7200012207031 25.7200012207031
25.1699829101562 27.5800170898438 27.5800170898438 30.7300109863281 30.7300109863281 29.010009765625 29.010009765625 33.2799987792969 33.2799987792969 30.6400146484375 30.6400146484375 34.5099792480469 34.5099792480469 13.3700103759766 13.3700103759766 17.5299987792969 17.5299987792969 15.7300109863281 15.7300109863281 3.8800048828125 3.8800048828125 26.3800048828125 26.3800048828125 30.2799987792969 30.2799987792969 30.1900024414062 30.1900024414062 33.0299987792969 33.0299987792969 23.5599975585938 23.5599975585938 2.1300048828125 2.1300048828125 1.5999755859375 1.5999755859375 26.4900207519531 26.4900207519531 24.7300109863281 24.7300109863281 27.5299987792969 27.5299987792969 29.1600036621094 29.1600036621094 27.2200012207031 27.2200012207031 25.7200012207031 25.7200012207031
27.4599914550781 35.8599853515625 35.8599853515625 25.8500061035156 25.8500061035156 30.6000061035156 30.6000061035156 27.9199829101562 27.9199829101562 33.5 33.5 27.7999877929688 27.7999877929688 0.3800048828125 0.3800048828125 28.9599914550781 28.9599914550781 0.930007934570312 0.930007934570312 0.79998779296875 0.79998779296875 32.4100189208984 32.4100189208984 26.1900024414062 26.1900024414062 32.2699890136719 32.2699890136719 24.5699768066406 24.5699768066406 32.9100036621094 32.9100036621094 26.7200012207031 26.7200012207031 29.27001953125 29.27001953125 20.8500061035156 20.8500061035156 18.9200134277344 18.9200134277344 25.260009765625 25.260009765625 22.3200073242188 22.3200073242188 23.3999938964844 23.3999938964844 20.5499877929688 20.5499877929688
27.4599914550781 35.8599853515625 35.8599853515625 25.8500061035156 25.8500061035156 30.6000061035156 30.6000061035156 27.9199829101562 27.9199829101562 33.5 33.5 27.7999877929688 27.7999877929688 0.3800048828125 0.3800048828125 28.9599914550781 28.9599914550781 0.930007934570312 0.930007934570312 0.79998779296875 0.79998779296875 32.4100189208984 32.4100189208984 26.1900024414062 26.1900024414062 32.2699890136719 32.2699890136719 24.5699768066406 24.5699768066406 32.9100036621094 32.9100036621094 26.7200012207031 26.7200012207031 29.27001953125 29.27001953125 20.8500061035156 20.8500061035156 18.9200134277344 18.9200134277344 25.260009765625 25.260009765625 22.3200073242188 22.3200073242188 23.3999938964844 23.3999938964844 20.5499877929688 20.5499877929688
21.3299865722656 23.5400085449219 23.5400085449219 25.1799926757812 25.1799926757812 22.8899841308594 22.8899841308594 31.1700134277344 31.1700134277344 34.8799743652344 34.8799743652344 40.1399993896484 40.1399993896484 0 0 0.339996337890625 0.339996337890625 0.790008544921875 0.790008544921875 2.46000671386719 2.46000671386719 26.8200073242188 26.8200073242188 3.19000244140625 3.19000244140625 33.1300048828125 33.1300048828125 31.0299987792969 31.0299987792969 31.2300109863281 31.2300109863281 25.2699890136719 25.2699890136719 0 0 27.75 27.75 0 0 19.3799743652344 19.3799743652344 14.6799926757812 14.6799926757812 21.4300231933594 21.4300231933594 21.510009765625 21.510009765625
21.3299865722656 23.5400085449219 23.5400085449219 25.1799926757812 25.1799926757812 22.8899841308594 22.8899841308594 31.1700134277344 31.1700134277344 34.8799743652344 34.8799743652344 40.1399993896484 40.1399993896484 0 0 0.339996337890625 0.339996337890625 0.790008544921875 0.790008544921875 2.46000671386719 2.46000671386719 26.8200073242188 26.8200073242188 3.19000244140625 3.19000244140625 33.1300048828125 33.1300048828125 31.0299987792969 31.0299987792969 31.2300109863281 31.2300109863281 25.2699890136719 25.2699890136719 0 0 27.75 27.75 0 0 19.3799743652344 19.3799743652344 14.6799926757812 14.6799926757812 21.4300231933594 21.4300231933594 21.510009765625 21.510009765625
13.3800048828125 22.6499938964844 22.6499938964844 31.2000122070312 31.2000122070312 34.239990234375 34.239990234375 33.7899780273438 33.7899780273438 33.9000091552734 33.9000091552734 37.0099945068359 37.0099945068359 3.25 3.25 0.0600128173828125 0.0600128173828125 31.4100036621094 31.4100036621094 26.010009765625 26.010009765625 31.5899810791016 31.5899810791016 37.0399932861328 37.0399932861328 29.3199768066406 29.3199768066406 30.0799865722656 30.0799865722656 30.0599975585938 30.0599975585938 1.92999267578125 1.92999267578125 26.9200134277344 26.9200134277344 26.9800109863281 26.9800109863281 24.8500061035156 24.8500061035156 22.5700073242188 22.5700073242188 21.6200256347656 21.6200256347656 21.3699951171875 21.3699951171875 26.1400146484375 26.1400146484375
13.3800048828125 22.6499938964844 22.6499938964844 31.2000122070312 31.2000122070312 34.239990234375 34.239990234375 33.7899780273438 33.7899780273438 33.9000091552734 33.9000091552734 37.0099945068359 37.0099945068359 3.25 3.25 0.0600128173828125 0.0600128173828125 31.4100036621094 31.4100036621094 26.010009765625 26.010009765625 31.5899810791016 31.5899810791016 37.0399932861328 37.0399932861328 29.3199768066406 29.3199768066406 30.0799865722656 30.0799865722656 30.0599975585938 30.0599975585938 1.92999267578125 1.92999267578125 26.9200134277344 26.9200134277344 26.9800109863281 26.9800109863281 24.8500061035156 24.8500061035156 22.5700073242188 22.5700073242188 21.6200256347656 21.6200256347656 21.3699951171875 21.3699951171875 26.1400146484375 26.1400146484375
30.3000183105469 29.7300109863281 29.7300109863281 30.489990234375 30.489990234375 36.2099914550781 36.2099914550781 31.8399810791016 31.8399810791016 27.9200134277344 27.9200134277344 3.39999389648438 3.39999389648438 26.8600006103516 26.8600006103516 0 0 27.4799957275391 27.4799957275391 11.0800170898438 11.0800170898438 14.1700134277344 14.1700134277344 34.25 34.25 35.2000122070312 35.2000122070312 26.4000244140625 26.4000244140625 4.74002075195312 4.74002075195312 27.0400085449219 27.0400085449219 0.329986572265625 0.329986572265625 24.7100219726562 24.7100219726562 20.6600036621094 20.6600036621094 11.47998046875 11.47998046875 25.4300231933594 25.4300231933594 26.1799926757812 26.1799926757812 21.260009765625 21.260009765625
30.3000183105469 29.7300109863281 29.7300109863281 30.489990234375 30.489990234375 36.2099914550781 36.2099914550781 31.8399810791016 31.8399810791016 27.9200134277344 27.9200134277344 3.39999389648438 3.39999389648438 26.8600006103516 26.8600006103516 0 0 27.4799957275391 27.4799957275391 11.0800170898438 11.0800170898438 14.1700134277344 14.1700134277344 34.25 34.25 35.2000122070312 35.2000122070312 26.4000244140625 26.4000244140625 4.74002075195312 4.74002075195312 27.0400085449219 27.0400085449219 0.329986572265625 0.329986572265625 24.7100219726562 24.7100219726562 20.6600036621094 20.6600036621094 11.47998046875 11.47998046875 25.4300231933594 25.4300231933594 26.1799926757812 26.1799926757812 21.260009765625 21.260009765625
17.1199951171875 33.0499877929688 33.0499877929688 32.2300109863281 32.2300109863281 34.6600189208984 34.6600189208984 24.0899963378906 24.0899963378906 0 0 0.0200042724609375 0.0200042724609375 7.91000366210938 7.91000366210938 21.4499969482422 21.4499969482422 21.2799835205078 21.2799835205078 9.66001892089844 9.66001892089844 24.3199920654297 24.3199920654297 30.8300170898438 30.8300170898438 31.1000061035156 31.1000061035156 29.3399963378906 29.3399963378906 24.22998046875 24.22998046875 18.2899780273438 18.2899780273438 0 0 6.72000122070312 6.72000122070312 12.8300170898438 12.8300170898438 29.2799987792969 29.2799987792969 31.1900024414062 31.1900024414062 20.97998046875 20.97998046875 15.2200012207031 15.2200012207031
17.1199951171875 33.0499877929688 33.0499877929688 32.2300109863281 32.2300109863281 34.6600189208984 34.6600189208984 24.0899963378906 24.0899963378906 0 0 0.0200042724609375 0.0200042724609375 7.91000366210938 7.91000366210938 21.4499969482422 21.4499969482422 21.2799835205078 21.2799835205078 9.66001892089844 9.66001892089844 24.3199920654297 24.3199920654297 30.8300170898438 30.8300170898438 31.1000061035156 31.1000061035156 29.3399963378906 29.3399963378906 24.22998046875 24.22998046875 18.2899780273438 18.2899780273438 0 0 6.72000122070312 6.72000122070312 12.8300170898438 12.8300170898438 29.2799987792969 29.2799987792969 31.1900024414062 31.1900024414062 20.97998046875 20.97998046875 15.2200012207031 15.2200012207031
32.9800109863281 30.2400207519531 30.2400207519531 33.75 33.75 32.0899963378906 32.0899963378906 0.040008544921875 0.040008544921875 0.100006103515625 0.100006103515625 0.0099945068359375 0.0099945068359375 0.199996948242188 0.199996948242188 12.6999969482422 12.6999969482422 14.2299957275391 14.2299957275391 32.0699920654297 32.0699920654297 24.0800170898438 24.0800170898438 29.8600158691406 29.8600158691406 24.9199829101562 24.9199829101562 28.7300109863281 28.7300109863281 28.52001953125 28.52001953125 22.4499816894531 22.4499816894531 9.58999633789062 9.58999633789062 4.35000610351562 4.35000610351562 0.019989013671875 0.019989013671875 0.3499755859375 0.3499755859375 0.1300048828125 0.1300048828125 0 0 0.1099853515625 0.1099853515625
32.9800109863281 30.2400207519531 30.2400207519531 33.75 33.75 32.0899963378906 32.0899963378906 0.040008544921875 0.040008544921875 0.100006103515625 0.100006103515625 0.0099945068359375 0.0099945068359375 0.199996948242188 0.199996948242188 12.6999969482422 12.6999969482422 14.2299957275391 14.2299957275391 32.0699920654297 32.0699920654297 24.0800170898438 24.0800170898438 29.8600158691406 29.8600158691406 24.9199829101562 24.9199829101562 28.7300109863281 28.7300109863281 28.52001953125 28.52001953125 22.4499816894531 22.4499816894531 9.58999633789062 9.58999633789062 4.35000610351562 4.35000610351562 0.019989013671875 0.019989013671875 0.3499755859375 0.3499755859375 0.1300048828125 0.1300048828125 0 0 0.1099853515625 0.1099853515625
22.5099792480469 27.1900024414062 27.1900024414062 25.0499877929688 25.0499877929688 32.9199981689453 32.9199981689453 29.0900115966797 29.0900115966797 25.4599914550781 25.4599914550781 0 0 19.4800109863281 19.4800109863281 28.6800079345703 28.6800079345703 2.50999450683594 2.50999450683594 30.8500061035156 30.8500061035156 28.4599914550781 28.4599914550781 31.9500122070312 31.9500122070312 12.8500061035156 12.8500061035156 27.2200012207031 27.2200012207031 27.510009765625 27.510009765625 26.010009765625 26.010009765625 31.0899963378906 31.0899963378906 23.5400085449219 23.5400085449219 7.29000854492188 7.29000854492188 0 0 29.3099975585938 29.3099975585938 19.760009765625 19.760009765625 0 0
22.5099792480469 27.1900024414062 27.1900024414062 25.0499877929688 25.0499877929688 32.9199981689453 32.9199981689453 29.0900115966797 29.0900115966797 25.4599914550781 25.4599914550781 0 0 19.4800109863281 19.4800109863281 28.6800079345703 28.6800079345703 2.50999450683594 2.50999450683594 30.8500061035156 30.8500061035156 28.4599914550781 28.4599914550781 31.9500122070312 31.9500122070312 12.8500061035156 12.8500061035156 27.2200012207031 27.2200012207031 27.510009765625 27.510009765625 26.010009765625 26.010009765625 31.0899963378906 31.0899963378906 23.5400085449219 23.5400085449219 7.29000854492188 7.29000854492188 0 0 29.3099975585938 29.3099975585938 19.760009765625 19.760009765625 0 0
33.260009765625 14.7799987792969 14.7799987792969 6.45999145507812 6.45999145507812 31.4000091552734 31.4000091552734 26.489990234375 26.489990234375 1.41000366210938 1.41000366210938 0 0 15.75 15.75 30.5599975585938 30.5599975585938 26.1599884033203 26.1599884033203 24.2900085449219 24.2900085449219 26.3999938964844 26.3999938964844 28.75 28.75 23.3200073242188 23.3200073242188 16.239990234375 16.239990234375 25.2999877929688 25.2999877929688 20.3699951171875 20.3699951171875 31.1200256347656 31.1200256347656 13.8200073242188 13.8200073242188 0.069976806640625 0.069976806640625 0.44000244140625 0.44000244140625 29.4400024414062 29.4400024414062 0.040008544921875 0.040008544921875 0.230010986328125 0.230010986328125
33.260009765625 14.7799987792969 14.7799987792969 6.45999145507812 6.45999145507812 31.4000091552734 31.4000091552734 26.489990234375 26.489990234375 1.41000366210938 1.41000366210938 0 0 15.75 15.75 30.5599975585938 30.5599975585938 26.1599884033203 26.1599884033203 24.2900085449219 24.2900085449219 26.3999938964844 26.3999938964844 28.75 28.75 23.3200073242188 23.3200073242188 16.239990234375 16.239990234375 25.2999877929688 25.2999877929688 20.3699951171875 20.3699951171875 31.1200256347656 31.1200256347656 13.8200073242188 13.8200073242188 0.069976806640625 0.069976806640625 0.44000244140625 0.44000244140625 29.4400024414062 29.4400024414062 0.040008544921875 0.040008544921875 0.230010986328125 0.230010986328125
0 21.1600036621094 21.1600036621094 33.0799865722656 33.0799865722656 36.7999877929688 36.7999877929688 26.97998046875 26.97998046875 27.5599975585938 27.5599975585938 23.5500183105469 23.5500183105469 33.8999938964844 33.8999938964844 33.3399963378906 33.3399963378906 24.5199890136719 24.5199890136719 35.239990234375 35.239990234375 23.6199951171875 23.6199951171875 29.8000183105469 29.8000183105469 30.0900268554688 30.0900268554688 30.9000244140625 30.9000244140625 23.739990234375 23.739990234375 30.1399841308594 30.1399841308594 27.1099853515625 27.1099853515625 0 0 0 0 1.1199951171875 1.1199951171875 26.2999877929688 26.2999877929688 26.8000183105469 26.8000183105469 30.3700256347656 30.3700256347656
0 21.1600036621094 21.1600036621094 33.0799865722656 33.0799865722656 36.7999877929688 36.7999877929688 26.97998046875 26.97998046875 27.5599975585938 27.5599975585938 23.5500183105469 23.5500183105469 33.8999938964844 33.8999938964844 33.3399963378906 33.3399963378906 24.5199890136719 24.5199890136719 35.239990234375 35.239990234375 23.6199951171875 23.6199951171875 29.8000183105469 29.8000183105469 30.0900268554688 30.0900268554688 30.9000244140625 30.9000244140625 23.739990234375 23.739990234375 30.1399841308594 30.1399841308594 27.1099853515625 27.1099853515625 0 0 0 0 1.1199951171875 1.1199951171875 26.2999877929688 26.2999877929688 26.8000183105469 26.8000183105469 30.3700256347656 30.3700256347656
22.5299987792969 26.239990234375 26.239990234375 31.7900085449219 31.7900085449219 32.5299835205078 32.5299835205078 28.2800140380859 28.2800140380859 0 0 27.7800140380859 27.7800140380859 3.27000427246094 3.27000427246094 1.93000793457031 1.93000793457031 26.6499938964844 26.6499938964844 32.8200073242188 32.8200073242188 9.29998779296875 9.29998779296875 14.5899963378906 14.5899963378906 20.0599975585938 20.0599975585938 32.1600036621094 32.1600036621094 1.8699951171875 1.8699951171875 35.02001953125 35.02001953125 0 0 2.010009765625 2.010009765625 30.97998046875 30.97998046875 5.48001098632812 5.48001098632812 27.5199890136719 27.5199890136719 23.5599975585938 23.5599975585938 22.8800048828125 22.8800048828125
