Calibration/input/A/tree-height.asc
NCOLS 100 
NROWS 100 
XLLCORNER 438855.00012207 
YLLCORNER 5646075.00012207 
CELLSIZE 5 
NODATA_value -3.4e+38 
[rows 0 to 20 of 100, columns 47 to 93 of 100]
18.8299865722656 14.1399841308594 14.1399841308594 15.760009765625 15.760009765625 13.9700012207031 13.9700012207031 14.3999938964844 14.3999938964844 12.1900024414062 12.1900024414062 14.0299987792969 14.0299987792969 13.3299865722656 13.3299865722656 13.6300048828125 13.6300048828125 12.5899963378906 12.5899963378906 15.75 15.75 12.6099853515625 12.6099853515625 7.43002319335938 7.43002319335938 15.5899963378906 15.5899963378906 30.6300048828125 30.6300048828125 23.0899963378906 23.0899963378906 25.6199951171875 25.6199951171875 25.1699829101562 25.1699829101562 23.2000122070312 23.2000122070312 24.25 24.25 22.2799987792969 22.2799987792969 3.85000610351562 3.85000610351562 0.55999755859375 0.55999755859375 0.800018310546875 0.800018310546875
18.8299865722656 14.1399841308594 14.1399841308594 15.760009765625 15.760009765625 13.9700012207031 13.9700012207031 14.3999938964844 14.3999938964844 12.1900024414062 12.1900024414062 14.0299987792969 14.0299987792969 13.3299865722656 13.3299865722656 13.6300048828125 13.6300048828125 12.5899963378906 12.5899963378906 15.75 15.75 12.6099853515625 12.6099853515625 7.43002319335938 7.43002319335938 15.5899963378906 15.5899963378906 30.6300048828125 30.6300048828125 23.0899963378906 23.0899963378906 25.6199951171875 25.6199951171875 25.1699829101562 25.1699829101562 23.2000122070312 23.2000122070312 24.25 24.25 22.2799987792969 22.2799987792969 3.85000610351562 3.85000610351562 0.55999755859375 0.55999755859375 0.800018310546875 0.800018310546875
12.4700012207031 13.6300048828125 13.6300048828125 13.9099731445312 13.9099731445312 15.6699829101562 15.6699829101562 15.2699890136719 15.2699890136719 15.8699951171875 15.8699951171875 8.33999633789062 8.33999633789062 13.6499938964844 13.6499938964844 12.9400024414062 12.9400024414062 18.5899963378906 18.5899963378906 11.77001953125 11.77001953125 3.08999633789062 3.08999633789062 19.2099914550781 19.2099914550781 18.9700012207031 18.9700012207031 29.75 29.75 33.7699890136719 33.7699890136719 28.0900268554688 28.0900268554688 22.6699829101562 22.6699829101562 32.1199951171875 32.1199951171875 35.6400146484375 35.6400146484375 0.160003662109375 0.160003662109375 0 0 0 0 5.75997924804688 5.75997924804688
12.4700012207031 13.6300048828125 13.6300048828125 13.9099731445312 13.9099731445312 15.6699829101562 15.6699829101562 15.2699890136719 15.2699890136719 15.8699951171875 15.8699951171875 8.33999633789062 8.33999633789062 13.6499938964844 13.6499938964844 12.9400024414062 12.9400024414062 18.5899963378906 18.5899963378906 11.77001953125 11.77001953125 3.08999633789062 3.08999633789062 19.2099914550781 19.2099914550781 18.9700012207031 18.9700012207031 29.75 29.75 33.7699890136719 33.7699890136719 28.0900268554688 28.0900268554688 22.6699829101562 22.6699829101562 32.1199951171875 32.1199951171875 35.6400146484375 35.6400146484375 0.160003662109375 0.160003662109375 0 0 0 0 5.75997924804688 5.75997924804688
14.0499877929688 13.3699951171875 13.3699951171875 10.1099853515625 10.1099853515625 12.4200134277344 12.4200134277344 11.4299926757812 11.4299926757812 14.6100158691406 14.6100158691406 7.22000122070312 7.22000122070312 17.260009765625 17.260009765625 14.0400085449219 14.0400085449219 12.7400207519531 12.7400207519531 17.510009765625 17.510009765625 16.4100036621094 16.4100036621094 5.24002075195312 5.24002075195312 11.3200073242188 11.3200073242188 33.3099975585938 33.3099975585938 24.9299926757812 24.9299926757812 11.0800170898438 11.0800170898438 23.0400085449219 23.0400085449219 27.8400268554688 27.8400268554688 19.3999938964844 19.3999938964844 0 0 0.010009765625 0.010009765625 5.53997802734375 5.53997802734375 12.1999816894531 12.1999816894531
14.0499877929688 13.3699951171875 13.3699951171875 10.1099853515625 10.1099853515625 12.4200134277344 12.4200134277344 11.4299926757812 11.4299926757812 14.6100158691406 14.6100158691406 7.22000122070312 7.22000122070312 17.260009765625 17.260009765625 14.0400085449219 14.0400085449219 12.7400207519531 12.7400207519531 17.510009765625 17.510009765625 16.4100036621094 16.4100036621094 5.24002075195312 5.24002075195312 11.3200073242188 11.3200073242188 33.3099975585938 33.3099975585938 24.9299926757812 24.9299926757812 11.0800170898438 11.0800170898438 23.0400085449219 23.0400085449219 27.8400268554688 27.8400268554688 19.3999938964844 19.3999938964844 0 0 0.010009765625 0.010009765625 5.53997802734375 5.53997802734375 12.1999816894531 12.1999816894531
19.97998046875 13.75 13.75 18.2099914550781 18.2099914550781 16.1300048828125 16.1300048828125 14.1299743652344 14.1299743652344 14.6900024414062 14.6900024414062 15.3099975585938 15.3099975585938 16.739990234375 16.739990234375 16.0700073242188 16.0700073242188 12.5299987792969 12.5299987792969 7.34002685546875 7.34002685546875 18.2999877929688 18.2999877929688 15.3500061035156 15.3500061035156 1.21000671386719 1.21000671386719 16.8000030517578 16.8000030517578 25.97998046875 25.97998046875 0.3699951171875 0.3699951171875 24.8899841308594 24.8899841308594 26.1600036621094 26.1600036621094 31.2599792480469 31.2599792480469 40.5299987792969 40.5299987792969 8.30999755859375 8.30999755859375 26.489990234375 26.489990234375 22.22998046875 22.22998046875
19.97998046875 13.75 13.75 18.2099914550781 18.2099914550781 16.1300048828125 16.1300048828125 14.1299743652344 14.1299743652344 14.6900024414062 14.6900024414062 15.3099975585938 15.3099975585938 16.739990234375 16.739990234375 16.0700073242188 16.0700073242188 12.5299987792969 12.5299987792969 7.34002685546875 7.34002685546875 18.2999877929688 18.2999877929688 15.3500061035156 15.3500061035156 1.21000671386719 1.21000671386719 16.8000030517578 16.8000030517578 25.97998046875 25.97998046875 0.3699951171875 0.3699951171875 24.8899841308594 24.8899841308594 26.1600036621094 26.1600036621094 31.2599792480469 31.2599792480469 40.5299987792969 40.5299987792969 8.30999755859375 8.30999755859375 26.489990234375 26.489990234375 22.22998046875 22.22998046875
25.3999938964844 9.6300048828125 9.6300048828125 23.9100036621094 23.9100036621094 18.1199951171875 18.1199951171875 14.4299926757812 14.4299926757812 9.6199951171875 9.6199951171875 8.4000244140625 8.4000244140625 11.4600219726562 11.4600219726562 19.1399841308594 19.1399841308594 34.8000183105469 34.8000183105469 20.489990234375 20.489990234375 17.9299926757812 17.9299926757812 13.3999938964844 13.3999938964844 25.6599884033203 25.6599884033203 31.9900207519531 31.9900207519531 0.510009765625 0.510009765625 0.220001220703125 0.220001220703125 21.1899719238281 21.1899719238281 37.9199829101562 37.9199829101562 35.6599731445312 35.6599731445312 36.3800048828125 36.3800048828125 10.0199890136719 10.0199890136719 25.4800109863281 25.4800109863281 2.69998168945312 2.69998168945312
25.3999938964844 9.6300048828125 9.6300048828125 23.9100036621094 23.9100036621094 18.1199951171875 18.1199951171875 14.4299926757812 14.4299926757812 9.6199951171875 9.6199951171875 8.4000244140625 8.4000244140625 11.4600219726562 11.4600219726562 19.1399841308594 19.1399841308594 34.8000183105469 34.8000183105469 20.489990234375 20.489990234375 17.9299926757812 17.9299926757812 13.3999938964844 13.3999938964844 25.6599884033203 25.6599884033203 31.9900207519531 31.9900207519531 0.510009765625 0.510009765625 0.220001220703125 0.220001220703125 21.1899719238281 21.1899719238281 37.9199829101562 37.9199829101562 35.6599731445312 35.6599731445312 36.3800048828125 36.3800048828125 10.0199890136719 10.0199890136719 25.4800109863281 25.4800109863281 2.69998168945312 2.69998168945312
18.8099975585938 0.649993896484375 0.649993896484375 11.5800170898438 11.5800170898438 12.5500183105469 12.5500183105469 5.71002197265625 5.71002197265625 14.3200073242188 14.3200073242188 10.4499816894531 10.4499816894531 16.6100158691406 16.6100158691406 21.9700012207031 21.9700012207031 27.7799987792969 27.7799987792969 21.1199951171875 21.1199951171875 14.989990234375 14.989990234375 18.010009765625 18.010009765625 20.1699981689453 20.1699981689453 5.04998779296875 5.04998779296875 0.709991455078125 0.709991455078125 20.0899963378906 20.0899963378906 30.6000061035156 30.6000061035156 30.7200012207031 30.7200012207031 32.2799987792969 32.2799987792969 39.9299926757812 39.9299926757812 0 0 5.67999267578125 5.67999267578125 6.989990234375 6.989990234375
18.8099975585938 0.649993896484375 0.649993896484375 11.5800170898438 11.5800170898438 12.5500183105469 12.5500183105469 5.71002197265625 5.71002197265625 14.3200073242188 14.3200073242188 10.4499816894531 10.4499816894531 16.6100158691406 16.6100158691406 21.9700012207031 21.9700012207031 27.7799987792969 27.7799987792969 21.1199951171875 21.1199951171875 14.989990234375 14.989990234375 18.010009765625 18.010009765625 20.1699981689453 20.1699981689453 5.04998779296875 5.04998779296875 0.709991455078125 0.709991455078125 20.0899963378906 20.0899963378906 30.6000061035156 30.6000061035156 30.7200012207031 30.7200012207031 32.2799987792969 32.2799987792969 39.9299926757812 39.9299926757812 0 0 5.67999267578125 5.67999267578125 6.989990234375 6.989990234375
16.4100036621094 21.7100219726562 21.7100219726562 8.90997314453125 8.90997314453125 26.1499938964844 26.1499938964844 6.32000732421875 6.32000732421875 10.0599975585938 10.0599975585938 14.3099975585938 14.3099975585938 9.74002075195312 9.74002075195312 23.4000244140625 23.4000244140625 16.0700073242188 16.0700073242188 22.6200256347656 22.6200256347656 18.3899993896484 18.3899993896484 32.6600036621094 32.6600036621094 29.2199859619141 29.2199859619141 0 0 21.0799865722656 21.0799865722656 13.0500183105469 13.0500183105469 18.1799926757812 18.1799926757812 8.3599853515625 8.3599853515625 3.44000244140625 3.44000244140625 6.02999877929688 6.02999877929688 7.5 7.5 8.51998901367188 8.51998901367188 7.44000244140625 7.44000244140625
16.4100036621094 21.7100219726562 21.7100219726562 8.90997314453125 8.90997314453125 26.1499938964844 26.1499938964844 6.32000732421875 6.32000732421875 10.0599975585938 10.0599975585938 14.3099975585938 14.3099975585938 9.74002075195312 9.74002075195312 23.4000244140625 23.4000244140625 16.0700073242188 16.0700073242188 22.6200256347656 22.6200256347656 18.3899993896484 18.3899993896484 32.6600036621094 32.6600036621094 29.2199859619141 29.2199859619141 0 0 21.0799865722656 21.0799865722656 13.0500183105469 13.0500183105469 18.1799926757812 18.1799926757812 8.3599853515625 8.3599853515625 3.44000244140625 3.44000244140625 6.02999877929688 6.02999877929688 7.5 7.5 8.51998901367188 8.51998901367188 7.44000244140625 7.44000244140625
24.8200073242188 31.8299865722656 31.8299865722656 27.6000061035156 27.6000061035156 13.3800048828125 13.3800048828125 19.8499755859375 19.8499755859375 10.25 10.25 18.3299865722656 18.3299865722656 21.27001953125 21.27001953125 24.6500244140625 24.6500244140625 23.9600219726562 23.9600219726562 24.9400024414062 24.9400024414062 27.4000091552734 27.4000091552734 22.1100006103516 22.1100006103516 15.8899841308594 15.8899841308594 8.42999267578125 8.42999267578125 22.3200073242188 22.3200073242188 22.2099914550781 22.2099914550781 15.3699951171875 15.3699951171875 5.80999755859375 5.80999755859375 7.57998657226562 7.57998657226562 7.94000244140625 7.94000244140625 8.07000732421875 8.07000732421875 6.1199951171875 6.1199951171875 5.70999145507812 5.70999145507812
24.8200073242188 31.8299865722656 31.8299865722656 27.6000061035156 27.6000061035156 13.3800048828125 13.3800048828125 19.8499755859375 19.8499755859375 10.25 10.25 18.3299865722656 18.3299865722656 21.27001953125 21.27001953125 24.6500244140625 24.6500244140625 23.9600219726562 23.9600219726562 24.9400024414062 24.9400024414062 27.4000091552734 27.4000091552734 22.1100006103516 22.1100006103516 15.8899841308594 15.8899841308594 8.42999267578125 8.42999267578125 22.3200073242188 22.3200073242188 22.2099914550781 22.2099914550781 15.3699951171875 15.3699951171875 5.80999755859375 5.80999755859375 7.57998657226562 7.57998657226562 7.94000244140625 7.94000244140625 8.07000732421875 8.07000732421875 6.1199951171875 6.1199951171875 5.70999145507812 5.70999145507812
20.989990234375 16.5899963378906 16.5899963378906 24.2099914550781 24.2099914550781 12.7999877929688 12.7999877929688 20.6999816894531 20.6999816894531 1 1 25.7900085449219 25.7900085449219 31.2200012207031 31.2200012207031 24.8099975585938 24.8099975585938 36.1199951171875 36.1199951171875 26.2799987792969 26.2799987792969 32.7800140380859 32.7800140380859 0.339996337890625 0.339996337890625 0.04998779296875 0.04998779296875 21.8899841308594 21.8899841308594 22.8699951171875 22.8699951171875 18.3700256347656 18.3700256347656 18.0199890136719 18.0199890136719 13.3900146484375 13.3900146484375 9.40997314453125 9.40997314453125 7.83999633789062 7.83999633789062 9.14999389648438 9.14999389648438 6.98001098632812 6.98001098632812 7.19000244140625 7.19000244140625
20.989990234375 16.5899963378906 16.5899963378906 24.2099914550781 24.2099914550781 12.7999877929688 12.7999877929688 20.6999816894531 20.6999816894531 1 1 25.7900085449219 25.7900085449219 31.2200012207031 31.2200012207031 24.8099975585938 24.8099975585938 36.1199951171875 36.1199951171875 26.2799987792969 26.2799987792969 32.7800140380859 32.7800140380859 0.339996337890625 0.339996337890625 0.04998779296875 0.04998779296875 21.8899841308594 21.8899841308594 22.8699951171875 22.8699951171875 18.3700256347656 18.3700256347656 18.0199890136719 18.0199890136719 13.3900146484375 13.3900146484375 9.40997314453125 9.40997314453125 7.83999633789062 7.83999633789062 9.14999389648438 9.14999389648438 6.98001098632812 6.98001098632812 7.19000244140625 7.19000244140625
20.4000244140625 22.9100036621094 22.9100036621094 25.5500183105469 25.5500183105469 21.9500122070312 21.9500122070312 18.1099853515625 18.1099853515625 10.6300048828125 10.6300048828125 11.4700012207031 11.4700012207031 18.7999877929688 18.7999877929688 20.1199951171875 20.1199951171875 26.3999938964844 26.3999938964844 10.7699890136719 10.7699890136719 18.7100067138672 18.7100067138672 0.0200042724609375 0.0200042724609375 20.2899932861328 20.2899932861328 22.9499816894531 22.9499816894531 22.7000122070312 22.7000122070312 21.8299865722656 21.8299865722656 19.3700256347656 19.3700256347656 22.8899841308594 22.8899841308594 3.58001708984375 3.58001708984375 5.95001220703125 5.95001220703125 9.22998046875 9.22998046875 9.81997680664062 9.81997680664062 7.37002563476562 7.37002563476562
20.4000244140625 22.9100036621094 22.9100036621094 25.5500183105469 25.5500183105469 21.9500122070312 21.9500122070312 18.1099853515625 18.1099853515625 10.6300048828125 10.6300048828125 11.4700012207031 11.4700012207031 18.7999877929688 18.7999877929688 20.1199951171875 20.1199951171875 26.3999938964844 26.3999938964844 10.7699890136719 10.7699890136719 18.7100067138672 18.7100067138672 0.0200042724609375 0.0200042724609375 20.2899932861328 20.2899932861328 22.9499816894531 22.9499816894531 22.7000122070312 22.7000122070312 21.8299865722656 21.8299865722656 19.3700256347656 19.3700256347656 22.8899841308594 22.8899841308594 3.58001708984375 3.58001708984375 5.95001220703125 5.95001220703125 9.22998046875 9.22998046875 9.81997680664062 9.81997680664062 7.37002563476562 7.37002563476562
21.6399841308594 19.6900024414062 19.6900024414062 27.0800170898438 27.0800170898438 19.7200012207031 19.7200012207031 9.760009765625 9.760009765625 22.0500183105469 22.0500183105469 19.3499755859375 19.3499755859375 22.6500244140625 22.6500244140625 20.239990234375 20.239990234375 18.3399963378906 18.3399963378906 24.9499816894531 24.9499816894531 17.9700012207031 17.9700012207031 0.010009765625 0.010009765625 6.26998901367188 6.26998901367188 20.6100158691406 20.6100158691406 22.0199890136719 22.0199890136719 23.2400207519531 23.2400207519531 1.6199951171875 1.6199951171875 14.8300170898438 14.8300170898438 4.95999145507812 4.95999145507812 25.5599975585938 25.5599975585938 6.54998779296875 6.54998779296875 17.3900146484375 17.3900146484375 9.64999389648438 9.64999389648438
