Calibration/input/D/tree-height.asc
NCOLS 100 
NROWS 100 
XLLCORNER 454115.00012207 
YLLCORNER 5639655.00012207 
CELLSIZE 5 
NODATA_value -3.4e+38 
[rows 0 to 19 of 100, columns 47 to 93 of 100]
23.0400085449219 18.1799926757812 18.1799926757812 2.97000122070312 2.97000122070312 19.010009765625 19.010009765625 10.5199890136719 10.5199890136719 13.2999877929688 13.2999877929688 17.3300170898438 17.3300170898438 26.739990234375 26.739990234375 25.3599853515625 25.3599853515625 24.1500244140625 24.1500244140625 24.489990234375 24.489990234375 16.5299987792969 16.5299987792969 27.2599792480469 27.2599792480469 27.4800109863281 27.4800109863281 20.9000244140625 20.9000244140625 21.2100219726562 21.2100219726562 22.8299865722656 22.8299865722656 24.8999938964844 24.8999938964844 26.0599975585938 26.0599975585938 22.9499816894531 22.9499816894531 20.2099914550781 20.2099914550781 17.2200012207031 17.2200012207031 16.6499938964844 16.6499938964844 15.5500183105469 15.5500183105469
23.0400085449219 18.1799926757812 18.1799926757812 2.97000122070312 2.97000122070312 19.010009765625 19.010009765625 10.5199890136719 10.5199890136719 13.2999877929688 13.2999877929688 17.3300170898438 17.3300170898438 26.739990234375 26.739990234375 25.3599853515625 25.3599853515625 24.1500244140625 24.1500244140625 24.489990234375 24.489990234375 16.5299987792969 16.5299987792969 27.2599792480469 27.2599792480469 27.4800109863281 27.4800109863281 20.9000244140625 20.9000244140625 21.2100219726562 21.2100219726562 22.8299865722656 22.8299865722656 24.8999938964844 24.8999938964844 26.0599975585938 26.0599975585938 22.9499816894531 22.9499816894531 20.2099914550781 20.2099914550781 17.2200012207031 17.2200012207031 16.6499938964844 16.6499938964844 15.5500183105469 15.5500183105469
25.6000061035156 16.1499938964844 16.1499938964844 17.9800109863281 17.9800109863281 13.2999877929688 13.2999877929688 13.5400085449219 13.5400085449219 22.7099914550781 22.7099914550781 24.2200012207031 24.2200012207031 27.1900024414062 27.1900024414062 23.5899963378906 23.5899963378906 26.9299926757812 26.9299926757812 23.7999877929688 23.7999877929688 23.5699768066406 23.5699768066406 23.8200073242188 23.8200073242188 27.5599975585938 27.5599975585938 19.5499877929688 19.5499877929688 19.0899963378906 19.0899963378906 26.3399963378906 26.3399963378906 26.1699829101562 26.1699829101562 23.5 23.5 16.9200134277344 16.9200134277344 18.9100036621094 18.9100036621094 18.22998046875 18.22998046875 17.4800109863281 17.4800109863281 16.4900207519531 16.4900207519531
25.6000061035156 16.1499938964844 16.1499938964844 17.9800109863281 17.9800109863281 13.2999877929688 13.2999877929688 13.5400085449219 13.5400085449219 22.7099914550781 22.7099914550781 24.2200012207031 24.2200012207031 27.1900024414062 27.1900024414062 23.5899963378906 23.5899963378906 26.9299926757812 26.9299926757812 23.7999877929688 23.7999877929688 23.5699768066406 23.5699768066406 23.8200073242188 23.8200073242188 27.5599975585938 27.5599975585938 19.5499877929688 19.5499877929688 19.0899963378906 19.0899963378906 26.3399963378906 26.3399963378906 26.1699829101562 26.1699829101562 23.5 23.5 16.9200134277344 16.9200134277344 18.9100036621094 18.9100036621094 18.22998046875 18.22998046875 17.4800109863281 17.4800109863281 16.4900207519531 16.4900207519531
21.2300109863281 19.6700134277344 19.6700134277344 7.67999267578125 7.67999267578125 13.6000061035156 13.6000061035156 20.7099914550781 20.7099914550781 24.3699951171875 24.3699951171875 18.1699829101562 18.1699829101562 26.8500061035156 26.8500061035156 6.3699951171875 6.3699951171875 22.0400085449219 22.0400085449219 25.5799865722656 25.5799865722656 24.75 24.75 22.7300109863281 22.7300109863281 10.3099975585938 10.3099975585938 4.41998291015625 4.41998291015625 23.3500061035156 23.3500061035156 23.9299926757812 23.9299926757812 24.6100158691406 24.6100158691406 12.2900085449219 12.2900085449219 16.7799987792969 16.7799987792969 15.8999938964844 15.8999938964844 21.6699829101562 21.6699829101562 20.1499938964844 20.1499938964844 16.6400146484375 16.6400146484375
21.2300109863281 19.6700134277344 19.6700134277344 7.67999267578125 7.67999267578125 13.6000061035156 13.6000061035156 20.7099914550781 20.7099914550781 24.3699951171875 24.3699951171875 18.1699829101562 18.1699829101562 26.8500061035156 26.8500061035156 6.3699951171875 6.3699951171875 22.0400085449219 22.0400085449219 25.5799865722656 25.5799865722656 24.75 24.75 22.7300109863281 22.7300109863281 10.3099975585938 10.3099975585938 4.41998291015625 4.41998291015625 23.3500061035156 23.3500061035156 23.9299926757812 23.9299926757812 24.6100158691406 24.6100158691406 12.2900085449219 12.2900085449219 16.7799987792969 16.7799987792969 15.8999938964844 15.8999938964844 21.6699829101562 21.6699829101562 20.1499938964844 20.1499938964844 16.6400146484375 16.6400146484375
27.4800109863281 9.3800048828125 9.3800048828125 19.4199829101562 19.4199829101562 29.25 29.25 25.4600219726562 25.4600219726562 24.97998046875 24.97998046875 24.3299865722656 24.3299865722656 26.0299987792969 26.0299987792969 28.7599792480469 28.7599792480469 27 27 27.8299865722656 27.8299865722656 24.8200073242188 24.8200073242188 22.5400085449219 22.5400085449219 8.25 8.25 27.9500122070312 27.9500122070312 26.5899963378906 26.5899963378906 19.75 19.75 28.2799987792969 28.2799987792969 34.2900085449219 34.2900085449219 24.8199768066406 24.8199768066406 18.6499938964844 18.6499938964844 19.3399963378906 19.3399963378906 17.2699890136719 17.2699890136719 15.0699768066406 15.0699768066406
27.4800109863281 9.3800048828125 9.3800048828125 19.4199829101562 19.4199829101562 29.25 29.25 25.4600219726562 25.4600219726562 24.97998046875 24.97998046875 24.3299865722656 24.3299865722656 26.0299987792969 26.0299987792969 28.7599792480469 28.7599792480469 27 27 27.8299865722656 27.8299865722656 24.8200073242188 24.8200073242188 22.5400085449219 22.5400085449219 8.25 8.25 27.9500122070312 27.9500122070312 26.5899963378906 26.5899963378906 19.75 19.75 28.2799987792969 28.2799987792969 34.2900085449219 34.2900085449219 24.8199768066406 24.8199768066406 18.6499938964844 18.6499938964844 19.3399963378906 19.3399963378906 17.2699890136719 17.2699890136719 15.0699768066406 15.0699768066406
18.7300109863281 19.510009765625 19.510009765625 24.1699829101562 24.1699829101562 23.22998046875 23.22998046875 26.5199890136719 26.5199890136719 29.739990234375 29.739990234375 18.2699890136719 18.2699890136719 25.3900146484375 25.3900146484375 27.0600280761719 27.0600280761719 20.5700073242188 20.5700073242188 25.5399780273438 25.5399780273438 25.8999938964844 25.8999938964844 18.7300109863281 18.7300109863281 3.70001220703125 3.70001220703125 24.4100036621094 24.4100036621094 34.1300048828125 34.1300048828125 0.019989013671875 0.019989013671875 22.8799743652344 22.8799743652344 17.9500122070312 17.9500122070312 35.8299865722656 35.8299865722656 27.4599914550781 27.4599914550781 21.5499877929688 21.5499877929688 17.6400146484375 17.6400146484375 19.72998046875 19.72998046875
18.7300109863281 19.510009765625 19.510009765625 24.1699829101562 24.1699829101562 23.22998046875 23.22998046875 26.5199890136719 26.5199890136719 29.739990234375 29.739990234375 18.2699890136719 18.2699890136719 25.3900146484375 25.3900146484375 27.0600280761719 27.0600280761719 20.5700073242188 20.5700073242188 25.5399780273438 25.5399780273438 25.8999938964844 25.8999938964844 18.7300109863281 18.7300109863281 3.70001220703125 3.70001220703125 24.4100036621094 24.4100036621094 34.1300048828125 34.1300048828125 0.019989013671875 0.019989013671875 22.8799743652344 22.8799743652344 17.9500122070312 17.9500122070312 35.8299865722656 35.8299865722656 27.4599914550781 27.4599914550781 21.5499877929688 21.5499877929688 17.6400146484375 17.6400146484375 19.72998046875 19.72998046875
17.0599975585938 18.4200134277344 18.4200134277344 24.9900207519531 24.9900207519531 21.7100219726562 21.7100219726562 25.3999938964844 25.3999938964844 26.9199829101562 26.9199829101562 27.1699829101562 27.1699829101562 22.5 22.5 18.2400207519531 18.2400207519531 25.6699829101562 25.6699829101562 14.2099914550781 14.2099914550781 23.9100036621094 23.9100036621094 10.8200073242188 10.8200073242188 24.5899963378906 24.5899963378906 27.739990234375 27.739990234375 25.6799926757812 25.6799926757812 25.239990234375 25.239990234375 22.7099914550781 22.7099914550781 22.6799926757812 22.6799926757812 25.8999938964844 25.8999938964844 20.1600036621094 20.1600036621094 18.3300170898438 18.3300170898438 14.260009765625 14.260009765625 16.2699890136719 16.2699890136719
17.0599975585938 18.4200134277344 18.4200134277344 24.9900207519531 24.9900207519531 21.7100219726562 21.7100219726562 25.3999938964844 25.3999938964844 26.9199829101562 26.9199829101562 27.1699829101562 27.1699829101562 22.5 22.5 18.2400207519531 18.2400207519531 25.6699829101562 25.6699829101562 14.2099914550781 14.2099914550781 23.9100036621094 23.9100036621094 10.8200073242188 10.8200073242188 24.5899963378906 24.5899963378906 27.739990234375 27.739990234375 25.6799926757812 25.6799926757812 25.239990234375 25.239990234375 22.7099914550781 22.7099914550781 22.6799926757812 22.6799926757812 25.8999938964844 25.8999938964844 20.1600036621094 20.1600036621094 18.3300170898438 18.3300170898438 14.260009765625 14.260009765625 16.2699890136719 16.2699890136719
16.5499877929688 16.4500122070312 16.4500122070312 24.75 24.75 24.4700012207031 24.4700012207031 25.5700073242188 25.5700073242188 0.889984130859375 0.889984130859375 26.3200073242188 26.3200073242188 16.3600158691406 16.3600158691406 24.6100158691406 24.6100158691406 6.8800048828125 6.8800048828125 24.6000061035156 24.6000061035156 22.0599975585938 22.0599975585938 16.9499816894531 16.9499816894531 11.3399963378906 11.3399963378906 28.3399963378906 28.3399963378906 6.21002197265625 6.21002197265625 18.0699768066406 18.0699768066406 22.5599975585938 22.5599975585938 21.3300170898438 21.3300170898438 30.8199768066406 30.8199768066406 25.7200012207031 25.7200012207031 13.9599914550781 13.9599914550781 23.7900085449219 23.7900085449219 16.8399963378906 16.8399963378906
16.5499877929688 16.4500122070312 16.4500122070312 24.75 24.75 24.4700012207031 24.4700012207031 25.5700073242188 25.5700073242188 0.889984130859375 0.889984130859375 26.3200073242188 26.3200073242188 16.3600158691406 16.3600158691406 24.6100158691406 24.6100158691406 6.8800048828125 6.8800048828125 24.6000061035156 24.6000061035156 22.0599975585938 22.0599975585938 16.9499816894531 16.9499816894531 11.3399963378906 11.3399963378906 28.3399963378906 28.3399963378906 6.21002197265625 6.21002197265625 18.0699768066406 18.0699768066406 22.5599975585938 22.5599975585938 21.3300170898438 21.3300170898438 30.8199768066406 30.8199768066406 25.7200012207031 25.7200012207031 13.9599914550781 13.9599914550781 23.7900085449219 23.7900085449219 16.8399963378906 16.8399963378906
13.0400085449219 6.17999267578125 6.17999267578125 18.6199951171875 18.6199951171875 24.5400085449219 24.5400085449219 26.1700134277344 26.1700134277344 25.9599914550781 25.9599914550781 23.3900146484375 23.3900146484375 25.25 25.25 20.4300231933594 20.4300231933594 23.4400024414062 23.4400024414062 24.7899780273438 24.7899780273438 20.6199951171875 20.6199951171875 16.489990234375 16.489990234375 13.3800048828125 13.3800048828125 26.8200073242188 26.8200073242188 23.7699890136719 23.7699890136719 20.530029296875 20.530029296875 12.4400024414062 12.4400024414062 21.6700134277344 21.6700134277344 24.1699829101562 24.1699829101562 25.6799926757812 25.6799926757812 0 0 14.9700012207031 14.9700012207031 14.2000122070312 14.2000122070312
13.0400085449219 6.17999267578125 6.17999267578125 18.6199951171875 18.6199951171875 24.5400085449219 24.5400085449219 26.1700134277344 26.1700134277344 25.9599914550781 25.9599914550781 23.3900146484375 23.3900146484375 25.25 25.25 20.4300231933594 20.4300231933594 23.4400024414062 23.4400024414062 24.7899780273438 24.7899780273438 20.6199951171875 20.6199951171875 16.489990234375 16.489990234375 13.3800048828125 13.3800048828125 26.8200073242188 26.8200073242188 23.7699890136719 23.7699890136719 20.530029296875 20.530029296875 12.4400024414062 12.4400024414062 21.6700134277344 21.6700134277344 24.1699829101562 24.1699829101562 25.6799926757812 25.6799926757812 0 0 14.9700012207031 14.9700012207031 14.2000122070312 14.2000122070312
18.5399780273438 14.6899719238281 14.6899719238281 16.530029296875 16.530029296875 25.4099731445312 25.4099731445312 22.4400024414062 22.4400024414062 20.3800048828125 20.3800048828125 24.3000183105469 24.3000183105469 22.6300048828125 22.6300048828125 22.75 22.75 18.1000061035156 18.1000061035156 20.1100158691406 20.1100158691406 17.6600036621094 17.6600036621094 13.5899963378906 13.5899963378906 18.3399963378906 18.3399963378906 21.4499816894531 21.4499816894531 21.4499816894531 21.4499816894531 25.0400085449219 25.0400085449219 6.83001708984375 6.83001708984375 11.75 11.75 3.60000610351562 3.60000610351562 26.6600036621094 26.6600036621094 21.5799865722656 21.5799865722656 19.7799987792969 19.7799987792969 16.4700012207031 16.4700012207031
18.5399780273438 14.6899719238281 14.6899719238281 16.530029296875 16.530029296875 25.4099731445312 25.4099731445312 22.4400024414062 22.4400024414062 20.3800048828125 20.3800048828125 24.3000183105469 24.3000183105469 22.6300048828125 22.6300048828125 22.75 22.75 18.1000061035156 18.1000061035156 20.1100158691406 20.1100158691406 17.6600036621094 17.6600036621094 13.5899963378906 13.5899963378906 18.3399963378906 18.3399963378906 21.4499816894531 21.4499816894531 21.4499816894531 21.4499816894531 25.0400085449219 25.0400085449219 6.83001708984375 6.83001708984375 11.75 11.75 3.60000610351562 3.60000610351562 26.6600036621094 26.6600036621094 21.5799865722656 21.5799865722656 19.7799987792969 19.7799987792969 16.4700012207031 16.4700012207031
14.2099914550781 18.25 18.25 18.6699829101562 18.6699829101562 21.7699890136719 21.7699890136719 23.9299926757812 23.9299926757812 18.0399780273438 18.0399780273438 19.5299987792969 19.5299987792969 24.0199890136719 24.0199890136719 21.4399719238281 21.4399719238281 21.2699890136719 21.2699890136719 21.6900024414062 21.6900024414062 12.0699768066406 12.0699768066406 23.7099914550781 23.7099914550781 17.2400207519531 17.2400207519531 20.9299926757812 20.9299926757812 14.0099792480469 14.0099792480469 17.2899780273438 17.2899780273438 13.7400207519531 13.7400207519531 23.2699890136719 23.2699890136719 22.0500183105469 22.0500183105469 33.3900146484375 33.3900146484375 13.8499755859375 13.8499755859375 23.9400024414062 23.9400024414062 20.4599914550781 20.4599914550781
14.2099914550781 18.25 18.25 18.6699829101562 18.6699829101562 21.7699890136719 21.7699890136719 23.9299926757812 23.9299926757812 18.0399780273438 18.0399780273438 19.5299987792969 19.5299987792969 24.0199890136719 24.0199890136719 21.4399719238281 21.4399719238281 21.2699890136719 21.2699890136719 21.6900024414062 21.6900024414062 12.0699768066406 12.0699768066406 23.7099914550781 23.7099914550781 17.2400207519531 17.2400207519531 20.9299926757812 20.9299926757812 14.0099792480469 14.0099792480469 17.2899780273438 17.2899780273438 13.7400207519531 13.7400207519531 23.2699890136719 23.2699890136719 22.0500183105469 22.0500183105469 33.3900146484375 33.3900146484375 13.8499755859375 13.8499755859375 23.9400024414062 23.9400024414062 20.4599914550781 20.4599914550781
