Calibration/input/D/tree-height.asc
NCOLS 100 
NROWS 100 
XLLCORNER 454115.00012207 
YLLCORNER 5639655.00012207 
CELLSIZE 5 
NODATA_value -3.4e+38 
[rows 20 to 39 of 100, columns 47 to 93 of 100]
23.3899841308594 19.5799865722656 19.5799865722656 21.9199829101562 21.9199829101562 14.6199951171875 14.6199951171875 15.9199829101562 15.9199829101562 16.6499938964844 16.6499938964844 6.97000122070312 6.97000122070312 17.4299926757812 17.4299926757812 20.5899963378906 20.5899963378906 19.1600036621094 19.1600036621094 19.5399780273438 19.5399780273438 15.5700073242188 15.5700073242188 20.8999938964844 20.8999938964844 23.8200073242188 23.8200073242188 23.1399841308594 23.1399841308594 12.8699951171875 12.8699951171875 25.6699829101562 25.6699829101562 23.4400024414062 23.4400024414062 21.3300170898438 21.3300170898438 20.3900146484375 20.3900146484375 17.6199951171875 17.6199951171875 20.6700134277344 20.6700134277344 12.760009765625 12.760009765625 13.9299926757812 13.9299926757812
23.3899841308594 19.5799865722656 19.5799865722656 21.9199829101562 21.9199829101562 14.6199951171875 14.6199951171875 15.9199829101562 15.9199829101562 16.6499938964844 16.6499938964844 6.97000122070312 6.97000122070312 17.4299926757812 17.4299926757812 20.5899963378906 20.5899963378906 19.1600036621094 19.1600036621094 19.5399780273438 19.5399780273438 15.5700073242188 15.5700073242188 20.8999938964844 20.8999938964844 23.8200073242188 23.8200073242188 23.1399841308594 23.1399841308594 12.8699951171875 12.8699951171875 25.6699829101562 25.6699829101562 23.4400024414062 23.4400024414062 21.3300170898438 21.3300170898438 20.3900146484375 20.3900146484375 17.6199951171875 17.6199951171875 20.6700134277344 20.6700134277344 12.760009765625 12.760009765625 13.9299926757812 13.9299926757812
21.489990234375 21.2799987792969 21.2799987792969 21.4100036621094 21.4100036621094 20.8999938964844 20.8999938964844 4.47000122070312 4.47000122070312 19.8200073242188 19.8200073242188 20.3800048828125 20.3800048828125 21.4400024414062 21.4400024414062 22.1500244140625 22.1500244140625 21.5899963378906 21.5899963378906 15.0299987792969 15.0299987792969 20.3299865722656 20.3299865722656 18.4200134277344 18.4200134277344 19.4400024414062 19.4400024414062 22.4499816894531 22.4499816894531 26.3900146484375 26.3900146484375 23.6400146484375 23.6400146484375 31.5400085449219 31.5400085449219 17.2799987792969 17.2799987792969 20.4700012207031 20.4700012207031 21.3099975585938 21.3099975585938 18.7400207519531 18.7400207519531 21.2200012207031 21.2200012207031 16.0800170898438 16.0800170898438
21.489990234375 21.2799987792969 21.2799987792969 21.4100036621094 21.4100036621094 20.8999938964844 20.8999938964844 4.47000122070312 4.47000122070312 19.8200073242188 19.8200073242188 20.3800048828125 20.3800048828125 21.4400024414062 21.4400024414062 22.1500244140625 22.1500244140625 21.5899963378906 21.5899963378906 15.0299987792969 15.0299987792969 20.3299865722656 20.3299865722656 18.4200134277344 18.4200134277344 19.4400024414062 19.4400024414062 22.4499816894531 22.4499816894531 26.3900146484375 26.3900146484375 23.6400146484375 23.6400146484375 31.5400085449219 31.5400085449219 17.2799987792969 17.2799987792969 20.4700012207031 20.4700012207031 21.3099975585938 21.3099975585938 18.7400207519531 18.7400207519531 21.2200012207031 21.2200012207031 16.0800170898438 16.0800170898438
15.510009765625 6.6199951171875 6.6199951171875 23.5599975585938 23.5599975585938 19.2599792480469 19.2599792480469 17.7599792480469 17.7599792480469 13.22998046875 13.22998046875 16.5899963378906 16.5899963378906 20.2200012207031 20.2200012207031 21.9300231933594 21.9300231933594 19.6500244140625 19.6500244140625 19.9500122070312 19.9500122070312 19.7200012207031 19.7200012207031 17.7200012207031 17.7200012207031 19.9400024414062 19.9400024414062 25.4200134277344 25.4200134277344 29.4500122070312 29.4500122070312 26.5800170898438 26.5800170898438 28.8600158691406 28.8600158691406 23.4100036621094 23.4100036621094 21.0599975585938 21.0599975585938 18.75 18.75 6.489990234375 6.489990234375 17.47998046875 17.47998046875 9.70001220703125 9.70001220703125
15.510009765625 6.6199951171875 6.6199951171875 23.5599975585938 23.5599975585938 19.2599792480469 19.2599792480469 17.7599792480469 17.7599792480469 13.22998046875 13.22998046875 16.5899963378906 16.5899963378906 20.2200012207031 20.2200012207031 21.9300231933594 21.9300231933594 19.6500244140625 19.6500244140625 19.9500122070312 19.9500122070312 19.7200012207031 19.7200012207031 17.7200012207031 17.7200012207031 19.9400024414062 19.9400024414062 25.4200134277344 25.4200134277344 29.4500122070312 29.4500122070312 26.5800170898438 26.5800170898438 28.8600158691406 28.8600158691406 23.4100036621094 23.4100036621094 21.0599975585938 21.0599975585938 18.75 18.75 6.489990234375 6.489990234375 17.47998046875 17.47998046875 9.70001220703125 9.70001220703125
9.8699951171875 30.2599792480469 30.2599792480469 18.8999938964844 18.8999938964844 22.25 22.25 19.9500122070312 19.9500122070312 22.0999755859375 22.0999755859375 15.2300109863281 15.2300109863281 2.13998413085938 2.13998413085938 24.3299865722656 24.3299865722656 18.7699890136719 18.7699890136719 19.260009765625 19.260009765625 18.3399963378906 18.3399963378906 19.8599853515625 19.8599853515625 22 22 13.2699890136719 13.2699890136719 29.5799865722656 29.5799865722656 15.1999816894531 15.1999816894531 27.6599731445312 27.6599731445312 28.0700073242188 28.0700073242188 20.1699829101562 20.1699829101562 18.2999877929688 18.2999877929688 22.0400085449219 22.0400085449219 21.3299865722656 21.3299865722656 9.260009765625 9.260009765625
9.8699951171875 30.2599792480469 30.2599792480469 18.8999938964844 18.8999938964844 22.25 22.25 19.9500122070312 19.9500122070312 22.0999755859375 22.0999755859375 15.2300109863281 15.2300109863281 2.13998413085938 2.13998413085938 24.3299865722656 24.3299865722656 18.7699890136719 18.7699890136719 19.260009765625 19.260009765625 18.3399963378906 18.3399963378906 19.8599853515625 19.8599853515625 22 22 13.2699890136719 13.2699890136719 29.5799865722656 29.5799865722656 15.1999816894531 15.1999816894531 27.6599731445312 27.6599731445312 28.0700073242188 28.0700073242188 20.1699829101562 20.1699829101562 18.2999877929688 18.2999877929688 22.0400085449219 22.0400085449219 21.3299865722656 21.3299865722656 9.260009765625 9.260009765625
17.7100219726562 27.8200073242188 27.8200073242188 19.5 19.5 17.1600036621094 17.1600036621094 17.9100036621094 17.9100036621094 15.1099853515625 15.1099853515625 31.5700073242188 31.5700073242188 23.0899963378906 23.0899963378906 25.4800109863281 25.4800109863281 20.4400024414062 20.4400024414062 1.50997924804688 1.50997924804688 11.3099975585938 11.3099975585938 16.8900146484375 16.8900146484375 21.2799987792969 21.2799987792969 29.9599914550781 29.9599914550781 25.8699951171875 25.8699951171875 23.8800048828125 23.8800048828125 22.6699829101562 22.6699829101562 18.4700012207031 18.4700012207031 19.4299926757812 19.4299926757812 21.4100036621094 21.4100036621094 15.6000061035156 15.6000061035156 0 0 16.0399780273438 16.0399780273438
17.7100219726562 27.8200073242188 27.8200073242188 19.5 19.5 17.1600036621094 17.1600036621094 17.9100036621094 17.9100036621094 15.1099853515625 15.1099853515625 31.5700073242188 31.5700073242188 23.0899963378906 23.0899963378906 25.4800109863281 25.4800109863281 20.4400024414062 20.4400024414062 1.50997924804688 1.50997924804688 11.3099975585938 11.3099975585938 16.8900146484375 16.8900146484375 21.2799987792969 21.2799987792969 29.9599914550781 29.9599914550781 25.8699951171875 25.8699951171875 23.8800048828125 23.8800048828125 22.6699829101562 22.6699829101562 18.4700012207031 18.4700012207031 19.4299926757812 19.4299926757812 21.4100036621094 21.4100036621094 15.6000061035156 15.6000061035156 0 0 16.0399780273438 16.0399780273438
19.72998046875 11.1200256347656 11.1200256347656 16.0700073242188 16.0700073242188 14.6400146484375 14.6400146484375 20.3099975585938 20.3099975585938 17.1000061035156 17.1000061035156 24.97998046875 24.97998046875 26.0700073242188 26.0700073242188 24.3600158691406 24.3600158691406 22.7999877929688 22.7999877929688 18.4500122070312 18.4500122070312 17.0599975585938 17.0599975585938 16.1700134277344 16.1700134277344 21.3499755859375 21.3499755859375 21.4099731445312 21.4099731445312 4.260009765625 4.260009765625 14.8899841308594 14.8899841308594 27.6699829101562 27.6699829101562 15.02001953125 15.02001953125 24.6499938964844 24.6499938964844 14.8099975585938 14.8099975585938 15.1900024414062 15.1900024414062 16.2699890136719 16.2699890136719 27.0499877929688 27.0499877929688
19.72998046875 11.1200256347656 11.1200256347656 16.0700073242188 16.0700073242188 14.6400146484375 14.6400146484375 20.3099975585938 20.3099975585938 17.1000061035156 17.1000061035156 24.97998046875 24.97998046875 26.0700073242188 26.0700073242188 24.3600158691406 24.3600158691406 22.7999877929688 22.7999877929688 18.4500122070312 18.4500122070312 17.0599975585938 17.0599975585938 16.1700134277344 16.1700134277344 21.3499755859375 21.3499755859375 21.4099731445312 21.4099731445312 4.260009765625 4.260009765625 14.8899841308594 14.8899841308594 27.6699829101562 27.6699829101562 15.02001953125 15.02001953125 24.6499938964844 24.6499938964844 14.8099975585938 14.8099975585938 15.1900024414062 15.1900024414062 16.2699890136719 16.2699890136719 27.0499877929688 27.0499877929688
23.5699768066406 30.3099975585938 30.3099975585938 17.7900085449219 17.7900085449219 19.5499877929688 19.5499877929688 21.0199890136719 21.0199890136719 11.3599853515625 11.3599853515625 11.1699829101562 11.1699829101562 18.6399841308594 18.6399841308594 24.8999938964844 24.8999938964844 24.9400024414062 24.9400024414062 16.4200134277344 16.4200134277344 16.9100036621094 16.9100036621094 20.5399780273438 20.5399780273438 16.2999877929688 16.2999877929688 5.010009765625 5.010009765625 23.1800231933594 23.1800231933594 0.420013427734375 0.420013427734375 25.2200012207031 25.2200012207031 19.4499816894531 19.4499816894531 25.8999938964844 25.8999938964844 1.32000732421875 1.32000732421875 19.4800109863281 19.4800109863281 20.9299926757812 20.9299926757812 4.4000244140625 4.4000244140625
23.5699768066406 30.3099975585938 30.3099975585938 17.7900085449219 17.7900085449219 19.5499877929688 19.5499877929688 21.0199890136719 21.0199890136719 11.3599853515625 11.3599853515625 11.1699829101562 11.1699829101562 18.6399841308594 18.6399841308594 24.8999938964844 24.8999938964844 24.9400024414062 24.9400024414062 16.4200134277344 16.4200134277344 16.9100036621094 16.9100036621094 20.5399780273438 20.5399780273438 16.2999877929688 16.2999877929688 5.010009765625 5.010009765625 23.1800231933594 23.1800231933594 0.420013427734375 0.420013427734375 25.2200012207031 25.2200012207031 19.4499816894531 19.4499816894531 25.8999938964844 25.8999938964844 1.32000732421875 1.32000732421875 19.4800109863281 19.4800109863281 20.9299926757812 20.9299926757812 4.4000244140625 4.4000244140625
21.6100158691406 30.5099792480469 30.5099792480469 27.6600036621094 27.6600036621094 18.27001953125 18.27001953125 12.8599853515625 12.8599853515625 17.4700012207031 17.4700012207031 19.6400146484375 19.6400146484375 26.25 26.25 21.2300109863281 21.2300109863281 23.2599792480469 23.2599792480469 16.9400024414062 16.9400024414062 18.6800231933594 18.6800231933594 25.5299987792969 25.5299987792969 14.7799987792969 14.7799987792969 22.8800048828125 22.8800048828125 1.44000244140625 1.44000244140625 16.4200134277344 16.4200134277344 29.5299987792969 29.5299987792969 15.8900146484375 15.8900146484375 16.1500244140625 16.1500244140625 24.5299987792969 24.5299987792969 15.1900024414062 15.1900024414062 21.2400207519531 21.2400207519531 6.15997314453125 6.15997314453125
21.6100158691406 30.5099792480469 30.5099792480469 27.6600036621094 27.6600036621094 18.27001953125 18.27001953125 12.8599853515625 12.8599853515625 17.4700012207031 17.4700012207031 19.6400146484375 19.6400146484375 26.25 26.25 21.2300109863281 21.2300109863281 23.2599792480469 23.2599792480469 16.9400024414062 16.9400024414062 18.6800231933594 18.6800231933594 25.5299987792969 25.5299987792969 14.7799987792969 14.7799987792969 22.8800048828125 22.8800048828125 1.44000244140625 1.44000244140625 16.4200134277344 16.4200134277344 29.5299987792969 29.5299987792969 15.8900146484375 15.8900146484375 16.1500244140625 16.1500244140625 24.5299987792969 24.5299987792969 15.1900024414062 15.1900024414062 21.2400207519531 21.2400207519531 6.15997314453125 6.15997314453125
12.6200256347656 24.3699951171875 24.3699951171875 14.4299926757812 14.4299926757812 19.4500122070312 19.4500122070312 7.94000244140625 7.94000244140625 21.6600036621094 21.6600036621094 22.5399780273438 22.5399780273438 18.6000061035156 18.6000061035156 26.3099975585938 26.3099975585938 23.3099975585938 23.3099975585938 22.6000061035156 22.6000061035156 25.4900207519531 25.4900207519531 23.02001953125 23.02001953125 29.1900024414062 29.1900024414062 20.8500061035156 20.8500061035156 28.8399963378906 28.8399963378906 23.5699768066406 23.5699768066406 24.8399963378906 24.8399963378906 20.1400146484375 20.1400146484375 20.1300048828125 20.1300048828125 17.4500122070312 17.4500122070312 19.4500122070312 19.4500122070312 20.8500061035156 20.8500061035156 18.5599975585938 18.5599975585938
12.6200256347656 24.3699951171875 24.3699951171875 14.4299926757812 14.4299926757812 19.4500122070312 19.4500122070312 7.94000244140625 7.94000244140625 21.6600036621094 21.6600036621094 22.5399780273438 22.5399780273438 18.6000061035156 18.6000061035156 26.3099975585938 26.3099975585938 23.3099975585938 23.3099975585938 22.6000061035156 22.6000061035156 25.4900207519531 25.4900207519531 23.02001953125 23.02001953125 29.1900024414062 29.1900024414062 20.8500061035156 20.8500061035156 28.8399963378906 28.8399963378906 23.5699768066406 23.5699768066406 24.8399963378906 24.8399963378906 20.1400146484375 20.1400146484375 20.1300048828125 20.1300048828125 17.4500122070312 17.4500122070312 19.4500122070312 19.4500122070312 20.8500061035156 20.8500061035156 18.5599975585938 18.5599975585938
20.0699768066406 20.510009765625 20.510009765625 19.0899963378906 19.0899963378906 18.2400207519531 18.2400207519531 22.27001953125 22.27001953125 24.4700012207031 24.4700012207031 19.7300109863281 19.7300109863281 29.0999755859375 29.0999755859375 28.1699829101562 28.1699829101562 28.3299865722656 28.3299865722656 22.8299865722656 22.8299865722656 22.4900207519531 22.4900207519531 28.1600036621094 28.1600036621094 27.3200073242188 27.3200073242188 25.3200073242188 25.3200073242188 28.6800231933594 28.6800231933594 24.7799987792969 24.7799987792969 23.1900024414062 23.1900024414062 21.7900085449219 21.7900085449219 20.4000244140625 20.4000244140625 23.7200012207031 23.7200012207031 25.3999938964844 25.3999938964844 20.75 20.75 15.7300109863281 15.7300109863281
20.0699768066406 20.510009765625 20.510009765625 19.0899963378906 19.0899963378906 18.2400207519531 18.2400207519531 22.27001953125 22.27001953125 24.4700012207031 24.4700012207031 19.7300109863281 19.7300109863281 29.0999755859375 29.0999755859375 28.1699829101562 28.1699829101562 28.3299865722656 28.3299865722656 22.8299865722656 22.8299865722656 22.4900207519531 22.4900207519531 28.1600036621094 28.1600036621094 27.3200073242188 27.3200073242188 25.3200073242188 25.3200073242188 28.6800231933594 28.6800231933594 24.7799987792969 24.7799987792969 23.1900024414062 23.1900024414062 21.7900085449219 21.7900085449219 20.4000244140625 20.4000244140625 23.7200012207031 23.7200012207031 25.3999938964844 25.3999938964844 20.75 20.75 15.7300109863281 15.7300109863281
