Calibration/input/D/tree-height.asc
NCOLS 100 
NROWS 100 
XLLCORNER 454115.00012207 
YLLCORNER 5639655.00012207 
CELLSIZE 5 
NODATA_value -3.4e+38 
[rows 80 to 99 of 100, columns 47 to 93 of 100]
17.8999938964844 9.54998779296875 9.54998779296875 15.4600219726562 15.4600219726562 17.8199768066406 17.8199768066406 7.50997924804688 7.50997924804688 16.010009765625 16.010009765625 20.0299987792969 20.0299987792969 14.0899963378906 14.0899963378906 17.0299987792969 17.0299987792969 18.1900024414062 18.1900024414062 14.1599731445312 14.1599731445312 23.1900024414062 23.1900024414062 23.6300048828125 23.6300048828125 19.72998046875 19.72998046875 19.010009765625 19.010009765625 18.3199768066406 18.3199768066406 15.8600158691406 15.8600158691406 23.47998046875 23.47998046875 21.010009765625 21.010009765625 18.9299926757812 18.9299926757812 19.3899841308594 19.3899841308594 6.97000122070312 6.97000122070312 20.8599853515625 20.8599853515625 18.7400207519531 18.7400207519531
17.8999938964844 9.54998779296875 9.54998779296875 15.4600219726562 15.4600219726562 17.8199768066406 17.8199768066406 7.50997924804688 7.50997924804688 16.010009765625 16.010009765625 20.0299987792969 20.0299987792969 14.0899963378906 14.0899963378906 17.0299987792969 17.0299987792969 18.1900024414062 18.1900024414062 14.1599731445312 14.1599731445312 23.1900024414062 23.1900024414062 23.6300048828125 23.6300048828125 19.72998046875 19.72998046875 19.010009765625 19.010009765625 18.3199768066406 18.3199768066406 15.8600158691406 15.8600158691406 23.47998046875 23.47998046875 21.010009765625 21.010009765625 18.9299926757812 18.9299926757812 19.3899841308594 19.3899841308594 6.97000122070312 6.97000122070312 20.8599853515625 20.8599853515625 18.7400207519531 18.7400207519531
7.42001342773438 15.989990234375 15.989990234375 18.8500061035156 18.8500061035156 18.2699890136719 18.2699890136719 15.4299926757812 15.4299926757812 23.0400085449219 23.0400085449219 16.5299987792969 16.5299987792969 17.7200012207031 17.7200012207031 23.6199951171875 23.6199951171875 22.1000061035156 22.1000061035156 22.2200012207031 22.2200012207031 22.2099914550781 22.2099914550781 17.1900024414062 17.1900024414062 25.2000122070312 25.2000122070312 21.25 21.25 22.9100036621094 22.9100036621094 19.4800109863281 19.4800109863281 17.3899841308594 17.3899841308594 19.3599853515625 19.3599853515625 22.4599914550781 22.4599914550781 20.8299865722656 20.8299865722656 20.4500122070312 20.4500122070312 20.7999877929688 20.7999877929688 13.1399841308594 13.1399841308594
7.42001342773438 15.989990234375 15.989990234375 18.8500061035156 18.8500061035156 18.2699890136719 18.2699890136719 15.4299926757812 15.4299926757812 23.0400085449219 23.0400085449219 16.5299987792969 16.5299987792969 17.7200012207031 17.7200012207031 23.6199951171875 23.6199951171875 22.1000061035156 22.1000061035156 22.2200012207031 22.2200012207031 22.2099914550781 22.2099914550781 17.1900024414062 17.1900024414062 25.2000122070312 25.2000122070312 21.25 21.25 22.9100036621094 22.9100036621094 19.4800109863281 19.4800109863281 17.3899841308594 17.3899841308594 19.3599853515625 19.3599853515625 22.4599914550781 22.4599914550781 20.8299865722656 20.8299865722656 20.4500122070312 20.4500122070312 20.7999877929688 20.7999877929688 13.1399841308594 13.1399841308594
13.010009765625 17.8699951171875 17.8699951171875 20.5400085449219 20.5400085449219 21.7599792480469 21.7599792480469 17.9599914550781 17.9599914550781 22.8399963378906 22.8399963378906 19.2099914550781 19.2099914550781 12.1799926757812 12.1799926757812 5.58999633789062 5.58999633789062 9.13998413085938 9.13998413085938 21.4600219726562 21.4600219726562 8.60000610351562 8.60000610351562 10.3900146484375 10.3900146484375 21.5700073242188 21.5700073242188 17.2099914550781 17.2099914550781 6.8699951171875 6.8699951171875 20.7300109863281 20.7300109863281 18.7599792480469 18.7599792480469 18.97998046875 18.97998046875 20.2699890136719 20.2699890136719 21.1199951171875 21.1199951171875 21.47998046875 21.47998046875 20 20 19.0199890136719 19.0199890136719
13.010009765625 17.8699951171875 17.8699951171875 20.5400085449219 20.5400085449219 21.7599792480469 21.7599792480469 17.9599914550781 17.9599914550781 22.8399963378906 22.8399963378906 19.2099914550781 19.2099914550781 12.1799926757812 12.1799926757812 5.58999633789062 5.58999633789062 9.13998413085938 9.13998413085938 21.4600219726562 21.4600219726562 8.60000610351562 8.60000610351562 10.3900146484375 10.3900146484375 21.5700073242188 21.5700073242188 17.2099914550781 17.2099914550781 6.8699951171875 6.8699951171875 20.7300109863281 20.7300109863281 18.7599792480469 18.7599792480469 18.97998046875 18.97998046875 20.2699890136719 20.2699890136719 21.1199951171875 21.1199951171875 21.47998046875 21.47998046875 20 20 19.0199890136719 19.0199890136719
19.0700073242188 15.6199951171875 15.6199951171875 18.7999877929688 18.7999877929688 9.26998901367188 9.26998901367188 18.7699890136719 18.7699890136719 24.3900146484375 24.3900146484375 18.0299987792969 18.0299987792969 19.5299987792969 19.5299987792969 18.010009765625 18.010009765625 17.6699829101562 17.6699829101562 21.2200012207031 21.2200012207031 22.2900085449219 22.2900085449219 23.510009765625 23.510009765625 20.4599914550781 20.4599914550781 21.7799987792969 21.7799987792969 4.1400146484375 4.1400146484375 20.8999938964844 20.8999938964844 19.02001953125 19.02001953125 19.6799926757812 19.6799926757812 23.2200012207031 23.2200012207031 19.3099975585938 19.3099975585938 18.7000122070312 18.7000122070312 20.8099975585938 20.8099975585938 22.8599853515625 22.8599853515625
19.0700073242188 15.6199951171875 15.6199951171875 18.7999877929688 18.7999877929688 9.26998901367188 9.26998901367188 18.7699890136719 18.7699890136719 24.3900146484375 24.3900146484375 18.0299987792969 18.0299987792969 19.5299987792969 19.5299987792969 18.010009765625 18.010009765625 17.6699829101562 17.6699829101562 21.2200012207031 21.2200012207031 22.2900085449219 22.2900085449219 23.510009765625 23.510009765625 20.4599914550781 20.4599914550781 21.7799987792969 21.7799987792969 4.1400146484375 4.1400146484375 20.8999938964844 20.8999938964844 19.02001953125 19.02001953125 19.6799926757812 19.6799926757812 23.2200012207031 23.2200012207031 19.3099975585938 19.3099975585938 18.7000122070312 18.7000122070312 20.8099975585938 20.8099975585938 22.8599853515625 22.8599853515625
15.5399780273438 19.2899780273438 19.2899780273438 22.1200256347656 22.1200256347656 24.2000122070312 24.2000122070312 20.1199951171875 20.1199951171875 22.2200012207031 22.2200012207031 2.00997924804688 2.00997924804688 23.8200073242188 23.8200073242188 18.6300048828125 18.6300048828125 15.47998046875 15.47998046875 11.989990234375 11.989990234375 25.9200134277344 25.9200134277344 11.22998046875 11.22998046875 18.2599792480469 18.2599792480469 24.0999755859375 24.0999755859375 17.0399780273438 17.0399780273438 18.2200012207031 18.2200012207031 17.1900024414062 17.1900024414062 19.75 19.75 8.75 8.75 12.1900024414062 12.1900024414062 19.6499938964844 19.6499938964844 17.27001953125 17.27001953125 25.4300231933594 25.4300231933594
15.5399780273438 19.2899780273438 19.2899780273438 22.1200256347656 22.1200256347656 24.2000122070312 24.2000122070312 20.1199951171875 20.1199951171875 22.2200012207031 22.2200012207031 2.00997924804688 2.00997924804688 23.8200073242188 23.8200073242188 18.6300048828125 18.6300048828125 15.47998046875 15.47998046875 11.989990234375 11.989990234375 25.9200134277344 25.9200134277344 11.22998046875 11.22998046875 18.2599792480469 18.2599792480469 24.0999755859375 24.0999755859375 17.0399780273438 17.0399780273438 18.2200012207031 18.2200012207031 17.1900024414062 17.1900024414062 19.75 19.75 8.75 8.75 12.1900024414062 12.1900024414062 19.6499938964844 19.6499938964844 17.27001953125 17.27001953125 25.4300231933594 25.4300231933594
21.0500183105469 14.3399963378906 14.3399963378906 21.6300048828125 21.6300048828125 19.739990234375 19.739990234375 17.3800048828125 17.3800048828125 24.4100036621094 24.4100036621094 16.510009765625 16.510009765625 18.0500183105469 18.0500183105469 20.5899963378906 20.5899963378906 17.25 17.25 20.4400024414062 20.4400024414062 25.3399963378906 25.3399963378906 21.3200073242188 21.3200073242188 20.6500244140625 20.6500244140625 19.4600219726562 19.4600219726562 20.4700012207031 20.4700012207031 19.5800170898438 19.5800170898438 21.989990234375 21.989990234375 19.3399963378906 19.3399963378906 18.9800109863281 18.9800109863281 19.3999938964844 19.3999938964844 22.8699951171875 22.8699951171875 18.2200012207031 18.2200012207031 23.7400207519531 23.7400207519531
21.0500183105469 14.3399963378906 14.3399963378906 21.6300048828125 21.6300048828125 19.739990234375 19.739990234375 17.3800048828125 17.3800048828125 24.4100036621094 24.4100036621094 16.510009765625 16.510009765625 18.0500183105469 18.0500183105469 20.5899963378906 20.5899963378906 17.25 17.25 20.4400024414062 20.4400024414062 25.3399963378906 25.3399963378906 21.3200073242188 21.3200073242188 20.6500244140625 20.6500244140625 19.4600219726562 19.4600219726562 20.4700012207031 20.4700012207031 19.5800170898438 19.5800170898438 21.989990234375 21.989990234375 19.3399963378906 19.3399963378906 18.9800109863281 18.9800109863281 19.3999938964844 19.3999938964844 22.8699951171875 22.8699951171875 18.2200012207031 18.2200012207031 23.7400207519531 23.7400207519531
22.8000183105469 21.5899963378906 21.5899963378906 24.2999877929688 24.2999877929688 17.5899963378906 17.5899963378906 27.3500061035156 27.3500061035156 19.0899963378906 19.0899963378906 16.2100219726562 16.2100219726562 14.719970703125 14.719970703125 20.3399963378906 20.3399963378906 14.5599975585938 14.5599975585938 19.6700134277344 19.6700134277344 17.7400207519531 17.7400207519531 22.3800048828125 22.3800048828125 19.4200134277344 19.4200134277344 17.2300109863281 17.2300109863281 20.5800170898438 20.5800170898438 18.8199768066406 18.8199768066406 21.3099975585938 21.3099975585938 18.3900146484375 18.3900146484375 17.1799926757812 17.1799926757812 16.5599975585938 16.5599975585938 18.9400024414062 18.9400024414062 19.3300170898438 19.3300170898438 22.3899841308594 22.3899841308594
22.8000183105469 21.5899963378906 21.5899963378906 24.2999877929688 24.2999877929688 17.5899963378906 17.5899963378906 27.3500061035156 27.3500061035156 19.0899963378906 19.0899963378906 16.2100219726562 16.2100219726562 14.719970703125 14.719970703125 20.3399963378906 20.3399963378906 14.5599975585938 14.5599975585938 19.6700134277344 19.6700134277344 17.7400207519531 17.7400207519531 22.3800048828125 22.3800048828125 19.4200134277344 19.4200134277344 17.2300109863281 17.2300109863281 20.5800170898438 20.5800170898438 18.8199768066406 18.8199768066406 21.3099975585938 21.3099975585938 18.3900146484375 18.3900146484375 17.1799926757812 17.1799926757812 16.5599975585938 16.5599975585938 18.9400024414062 18.9400024414062 19.3300170898438 19.3300170898438 22.3899841308594 22.3899841308594
17.5299987792969 18.6600036621094 18.6600036621094 19.6499938964844 19.6499938964844 18.8999938964844 18.8999938964844 22.1700134277344 22.1700134277344 21.7799987792969 21.7799987792969 29.2400207519531 29.2400207519531 20.3600158691406 20.3600158691406 22.9700012207031 22.9700012207031 27.1799926757812 27.1799926757812 26.2000122070312 26.2000122070312 21.3800048828125 21.3800048828125 22.2699890136719 22.2699890136719 19.3699951171875 19.3699951171875 23.3200073242188 23.3200073242188 22.1600036621094 22.1600036621094 15.0299987792969 15.0299987792969 21.010009765625 21.010009765625 22.0700073242188 22.0700073242188 15.8299865722656 15.8299865722656 22.1900024414062 22.1900024414062 21.0899963378906 21.0899963378906 16.4800109863281 16.4800109863281 16.1000061035156 16.1000061035156
17.5299987792969 18.6600036621094 18.6600036621094 19.6499938964844 19.6499938964844 18.8999938964844 18.8999938964844 22.1700134277344 22.1700134277344 21.7799987792969 21.7799987792969 29.2400207519531 29.2400207519531 20.3600158691406 20.3600158691406 22.9700012207031 22.9700012207031 27.1799926757812 27.1799926757812 26.2000122070312 26.2000122070312 21.3800048828125 21.3800048828125 22.2699890136719 22.2699890136719 19.3699951171875 19.3699951171875 23.3200073242188 23.3200073242188 22.1600036621094 22.1600036621094 15.0299987792969 15.0299987792969 21.010009765625 21.010009765625 22.0700073242188 22.0700073242188 15.8299865722656 15.8299865722656 22.1900024414062 22.1900024414062 21.0899963378906 21.0899963378906 16.4800109863281 16.4800109863281 16.1000061035156 16.1000061035156
22.7999877929688 20.7000122070312 20.7000122070312 25.8299865722656 25.8299865722656 11.3800048828125 11.3800048828125 17.5199890136719 17.5199890136719 18.2400207519531 18.2400207519531 22.1300048828125 22.1300048828125 26.0599975585938 26.0599975585938 24.2100219726562 24.2100219726562 25.2100219726562 25.2100219726562 26.7300109863281 26.7300109863281 24.25 24.25 22.1199951171875 22.1199951171875 23.2900085449219 23.2900085449219 23.7099914550781 23.7099914550781 8.64999389648438 8.64999389648438 24 24 24.22998046875 24.22998046875 19.5400085449219 19.5400085449219 18.2200012207031 18.2200012207031 23.7799987792969 23.7799987792969 18.2900085449219 18.2900085449219 22.7300109863281 22.7300109863281 18.9700012207031 18.9700012207031
22.7999877929688 20.7000122070312 20.7000122070312 25.8299865722656 25.8299865722656 11.3800048828125 11.3800048828125 17.5199890136719 17.5199890136719 18.2400207519531 18.2400207519531 22.1300048828125 22.1300048828125 26.0599975585938 26.0599975585938 24.2100219726562 24.2100219726562 25.2100219726562 25.2100219726562 26.7300109863281 26.7300109863281 24.25 24.25 22.1199951171875 22.1199951171875 23.2900085449219 23.2900085449219 23.7099914550781 23.7099914550781 8.64999389648438 8.64999389648438 24 24 24.22998046875 24.22998046875 19.5400085449219 19.5400085449219 18.2200012207031 18.2200012207031 23.7799987792969 23.7799987792969 18.2900085449219 18.2900085449219 22.7300109863281 22.7300109863281 18.9700012207031 18.9700012207031
21.0500183105469 18.9200134277344 18.9200134277344 23.9599914550781 23.9599914550781 23.3399963378906 23.3399963378906 25.5699768066406 25.5699768066406 20.4800109863281 20.4800109863281 22.0800170898438 22.0800170898438 13.1700134277344 13.1700134277344 11.8399963378906 11.8399963378906 26.4400024414062 26.4400024414062 29.4299926757812 29.4299926757812 23.7099914550781 23.7099914550781 19.8500061035156 19.8500061035156 24.7799987792969 24.7799987792969 30.5999755859375 30.5999755859375 27.9300231933594 27.9300231933594 26.239990234375 26.239990234375 28.7200012207031 28.7200012207031 27.010009765625 27.010009765625 28.6699829101562 28.6699829101562 26.0599975585938 26.0599975585938 11.6400146484375 11.6400146484375 18.1900024414062 18.1900024414062 24.8200073242188 24.8200073242188
21.0500183105469 18.9200134277344 18.9200134277344 23.9599914550781 23.9599914550781 23.3399963378906 23.3399963378906 25.5699768066406 25.5699768066406 20.4800109863281 20.4800109863281 22.0800170898438 22.0800170898438 13.1700134277344 13.1700134277344 11.8399963378906 11.8399963378906 26.4400024414062 26.4400024414062 29.4299926757812 29.4299926757812 23.7099914550781 23.7099914550781 19.8500061035156 19.8500061035156 24.7799987792969 24.7799987792969 30.5999755859375 30.5999755859375 27.9300231933594 27.9300231933594 26.239990234375 26.239990234375 28.7200012207031 28.7200012207031 27.010009765625 27.010009765625 28.6699829101562 28.6699829101562 26.0599975585938 26.0599975585938 11.6400146484375 11.6400146484375 18.1900024414062 18.1900024414062 24.8200073242188 24.8200073242188
