Calibration/input/D/tree-height.asc
NCOLS 100 
NROWS 100 
XLLCORNER 454115.00012207 
YLLCORNER 5639655.00012207 
CELLSIZE 5 
NODATA_value -3.4e+38 
[rows 60 to 79 of 100, columns 0 to 46 of 100]
22.2200012207031 22.2200012207031 0 0 21.47998046875 21.47998046875 24.4499816894531 24.4499816894531 13.9099731445312 13.9099731445312 23.8800048828125 23.8800048828125 8.85000610351562 8.85000610351562 26.9100036621094 26.9100036621094 24.9499816894531 24.9499816894531 23.4099731445312 23.4099731445312 0 0 23.8899841308594 23.8899841308594 20.0499877929688 20.0499877929688 21.7699890136719 21.7699890136719 20.8999938964844 20.8999938964844 20.8899841308594 20.8899841308594 25.27001953125 25.27001953125 21.3899841308594 21.3899841308594 11.25 11.25 19.0499877929688 19.0499877929688 9.16000366210938 9.16000366210938 29.0899963378906 29.0899963378906 32.4200134277344 32.4200134277344 16.5999755859375
22.2200012207031 22.2200012207031 0 0 21.47998046875 21.47998046875 24.4499816894531 24.4499816894531 13.9099731445312 13.9099731445312 23.8800048828125 23.8800048828125 8.85000610351562 8.85000610351562 26.9100036621094 26.9100036621094 24.9499816894531 24.9499816894531 23.4099731445312 23.4099731445312 0 0 23.8899841308594 23.8899841308594 20.0499877929688 20.0499877929688 21.7699890136719 21.7699890136719 20.8999938964844 20.8999938964844 20.8899841308594 20.8899841308594 25.27001953125 25.27001953125 21.3899841308594 21.3899841308594 11.25 11.25 19.0499877929688 19.0499877929688 9.16000366210938 9.16000366210938 29.0899963378906 29.0899963378906 32.4200134277344 32.4200134277344 16.5999755859375
24.5800170898438 24.5800170898438 21.6600036621094 21.6600036621094 16.1000061035156 16.1000061035156 24.6900024414062 24.6900024414062 17.2099914550781 17.2099914550781 19.739990234375 19.739990234375 23.25 23.25 23.989990234375 23.989990234375 3.58999633789062 3.58999633789062 20.6700134277344 20.6700134277344 24.2900085449219 24.2900085449219 20.6700134277344 20.6700134277344 27.5999755859375 27.5999755859375 22.77001953125 22.77001953125 17.3200073242188 17.3200073242188 22.0800170898438 22.0800170898438 22.0499877929688 22.0499877929688 20.9299926757812 20.9299926757812 2.60000610351562 2.60000610351562 24.8399963378906 24.8399963378906 28.4199829101562 28.4199829101562 21.2300109863281 21.2300109863281 25.7300109863281 25.7300109863281 22.6899719238281
24.5800170898438 24.5800170898438 21.6600036621094 21.6600036621094 16.1000061035156 16.1000061035156 24.6900024414062 24.6900024414062 17.2099914550781 17.2099914550781 19.739990234375 19.739990234375 23.25 23.25 23.989990234375 23.989990234375 3.58999633789062 3.58999633789062 20.6700134277344 20.6700134277344 24.2900085449219 24.2900085449219 20.6700134277344 20.6700134277344 27.5999755859375 27.5999755859375 22.77001953125 22.77001953125 17.3200073242188 17.3200073242188 22.0800170898438 22.0800170898438 22.0499877929688 22.0499877929688 20.9299926757812 20.9299926757812 2.60000610351562 2.60000610351562 24.8399963378906 24.8399963378906 28.4199829101562 28.4199829101562 21.2300109863281 21.2300109863281 25.7300109863281 25.7300109863281 22.6899719238281
22.4600219726562 22.4600219726562 21.6400146484375 21.6400146484375 12.6900024414062 12.6900024414062 22.8499755859375 22.8499755859375 24.6100158691406 24.6100158691406 3.11001586914062 3.11001586914062 20.7900085449219 20.7900085449219 19.5500183105469 19.5500183105469 18.3600158691406 18.3600158691406 21.8699951171875 21.8699951171875 23.9099731445312 23.9099731445312 23.1100158691406 23.1100158691406 9.07998657226562 9.07998657226562 20.2200012207031 20.2200012207031 19.3699951171875 19.3699951171875 22.7200012207031 22.7200012207031 18.3300170898438 18.3300170898438 3.8800048828125 3.8800048828125 1.18002319335938 1.18002319335938 34.0499877929688 34.0499877929688 22.5899963378906 22.5899963378906 17.52001953125 17.52001953125 0.269989013671875 0.269989013671875 0
22.4600219726562 22.4600219726562 21.6400146484375 21.6400146484375 12.6900024414062 12.6900024414062 22.8499755859375 22.8499755859375 24.6100158691406 24.6100158691406 3.11001586914062 3.11001586914062 20.7900085449219 20.7900085449219 19.5500183105469 19.5500183105469 18.3600158691406 18.3600158691406 21.8699951171875 21.8699951171875 23.9099731445312 23.9099731445312 23.1100158691406 23.1100158691406 9.07998657226562 9.07998657226562 20.2200012207031 20.2200012207031 19.3699951171875 19.3699951171875 22.7200012207031 22.7200012207031 18.3300170898438 18.3300170898438 3.8800048828125 3.8800048828125 1.18002319335938 1.18002319335938 34.0499877929688 34.0499877929688 22.5899963378906 22.5899963378906 17.52001953125 17.52001953125 0.269989013671875 0.269989013671875 0
23.1399841308594 23.1399841308594 21.1100158691406 21.1100158691406 17.77001953125 17.77001953125 19.5700073242188 19.5700073242188 18.9600219726562 18.9600219726562 11.3800048828125 11.3800048828125 23.0799865722656 23.0799865722656 19.3300170898438 19.3300170898438 9.57998657226562 9.57998657226562 21.1000061035156 21.1000061035156 24.5799865722656 24.5799865722656 28.2999877929688 28.2999877929688 16.7099914550781 16.7099914550781 19.7799987792969 19.7799987792969 0.089996337890625 0.089996337890625 15.1099853515625 15.1099853515625 9.00997924804688 9.00997924804688 20.0900268554688 20.0900268554688 22.2799987792969 22.2799987792969 0.3699951171875 0.3699951171875 0 0 4.92999267578125 4.92999267578125 9.25 9.25 22.3199768066406
23.1399841308594 23.1399841308594 21.1100158691406 21.1100158691406 17.77001953125 17.77001953125 19.5700073242188 19.5700073242188 18.9600219726562 18.9600219726562 11.3800048828125 11.3800048828125 23.0799865722656 23.0799865722656 19.3300170898438 19.3300170898438 9.57998657226562 9.57998657226562 21.1000061035156 21.1000061035156 24.5799865722656 24.5799865722656 28.2999877929688 28.2999877929688 16.7099914550781 16.7099914550781 19.7799987792969 19.7799987792969 0.089996337890625 0.089996337890625 15.1099853515625 15.1099853515625 9.00997924804688 9.00997924804688 20.0900268554688 20.0900268554688 22.2799987792969 22.2799987792969 0.3699951171875 0.3699951171875 0 0 4.92999267578125 4.92999267578125 9.25 9.25 22.3199768066406
22.3699951171875 22.3699951171875 23.2300109863281 23.2300109863281 1.01998901367188 1.01998901367188 7.53997802734375 7.53997802734375 25.4400024414062 25.4400024414062 23.1700134277344 23.1700134277344 22.7099914550781 22.7099914550781 21.9400024414062 21.9400024414062 14.2000122070312 14.2000122070312 17.75 17.75 2.42001342773438 2.42001342773438 19.75 19.75 14.7899780273438 14.7899780273438 4.6300048828125 4.6300048828125 27.6999816894531 27.6999816894531 25.2900085449219 25.2900085449219 24.0599975585938 24.0599975585938 4.67999267578125 4.67999267578125 16.6900024414062 16.6900024414062 19.9299926757812 19.9299926757812 9.82000732421875 9.82000732421875 19.4700012207031 19.4700012207031 16.2999877929688 16.2999877929688 17.1099853515625
22.3699951171875 22.3699951171875 23.2300109863281 23.2300109863281 1.01998901367188 1.01998901367188 7.53997802734375 7.53997802734375 25.4400024414062 25.4400024414062 23.1700134277344 23.1700134277344 22.7099914550781 22.7099914550781 21.9400024414062 21.9400024414062 14.2000122070312 14.2000122070312 17.75 17.75 2.42001342773438 2.42001342773438 19.75 19.75 14.7899780273438 14.7899780273438 4.6300048828125 4.6300048828125 27.6999816894531 27.6999816894531 25.2900085449219 25.2900085449219 24.0599975585938 24.0599975585938 4.67999267578125 4.67999267578125 16.6900024414062 16.6900024414062 19.9299926757812 19.9299926757812 9.82000732421875 9.82000732421875 19.4700012207031 19.4700012207031 16.2999877929688 16.2999877929688 17.1099853515625
20.010009765625 20.010009765625 20.5599975585938 20.5599975585938 14.1600036621094 14.1600036621094 21.4499816894531 21.4499816894531 14.0599975585938 14.0599975585938 24.1399841308594 24.1399841308594 10.8299865722656 10.8299865722656 14.8399963378906 14.8399963378906 11.1499938964844 11.1499938964844 13.0899963378906 13.0899963378906 2.80999755859375 2.80999755859375 0.3699951171875 0.3699951171875 16.8300170898438 16.8300170898438 18.5499877929688 18.5499877929688 28.3299865722656 28.3299865722656 18.7000122070312 18.7000122070312 26.1700134277344 26.1700134277344 19.6500244140625 19.6500244140625 0 0 28.1199951171875 28.1199951171875 15.6799926757812 15.6799926757812 11.1400146484375 11.1400146484375 18.9100036621094 18.9100036621094 22.7400207519531
20.010009765625 20.010009765625 20.5599975585938 20.5599975585938 14.1600036621094 14.1600036621094 21.4499816894531 21.4499816894531 14.0599975585938 14.0599975585938 24.1399841308594 24.1399841308594 10.8299865722656 10.8299865722656 14.8399963378906 14.8399963378906 11.1499938964844 11.1499938964844 13.0899963378906 13.0899963378906 2.80999755859375 2.80999755859375 0.3699951171875 0.3699951171875 16.8300170898438 16.8300170898438 18.5499877929688 18.5499877929688 28.3299865722656 28.3299865722656 18.7000122070312 18.7000122070312 26.1700134277344 26.1700134277344 19.6500244140625 19.6500244140625 0 0 28.1199951171875 28.1199951171875 15.6799926757812 15.6799926757812 11.1400146484375 11.1400146484375 18.9100036621094 18.9100036621094 22.7400207519531
22.1900024414062 22.1900024414062 11.9400024414062 11.9400024414062 19.9800109863281 19.9800109863281 22.75 22.75 23.3000183105469 23.3000183105469 18.5899963378906 18.5899963378906 19.9800109863281 19.9800109863281 21.1100158691406 21.1100158691406 15.8599853515625 15.8599853515625 24.1299743652344 24.1299743652344 11.2200012207031 11.2200012207031 28.5099792480469 28.5099792480469 24.0799865722656 24.0799865722656 26.9599914550781 26.9599914550781 21.4400024414062 21.4400024414062 17.1300048828125 17.1300048828125 10.5400085449219 10.5400085449219 22.0199890136719 22.0199890136719 16.7000122070312 16.7000122070312 18.3300170898438 18.3300170898438 19.0700073242188 19.0700073242188 16.4599914550781 16.4599914550781 23.9500122070312 23.9500122070312 25.5
22.1900024414062 22.1900024414062 11.9400024414062 11.9400024414062 19.9800109863281 19.9800109863281 22.75 22.75 23.3000183105469 23.3000183105469 18.5899963378906 18.5899963378906 19.9800109863281 19.9800109863281 21.1100158691406 21.1100158691406 15.8599853515625 15.8599853515625 24.1299743652344 24.1299743652344 11.2200012207031 11.2200012207031 28.5099792480469 28.5099792480469 24.0799865722656 24.0799865722656 26.9599914550781 26.9599914550781 21.4400024414062 21.4400024414062 17.1300048828125 17.1300048828125 10.5400085449219 10.5400085449219 22.0199890136719 22.0199890136719 16.7000122070312 16.7000122070312 18.3300170898438 18.3300170898438 19.0700073242188 19.0700073242188 16.4599914550781 16.4599914550781 23.9500122070312 23.9500122070312 25.5
15.1199951171875 15.1199951171875 15.8300170898438 15.8300170898438 18.489990234375 18.489990234375 0.1199951171875 0.1199951171875 21.6499938964844 21.6499938964844 16.4099731445312 16.4099731445312 12.6000061035156 12.6000061035156 15.489990234375 15.489990234375 20.5700073242188 20.5700073242188 18.2900085449219 18.2900085449219 15.3099975585938 15.3099975585938 23.9400024414062 23.9400024414062 27.8800048828125 27.8800048828125 13.0799865722656 13.0799865722656 25.239990234375 25.239990234375 26.3699951171875 26.3699951171875 0 0 2.6199951171875 2.6199951171875 17.5899963378906 17.5899963378906 17.9800109863281 17.9800109863281 25.6199951171875 25.6199951171875 22.4499816894531 22.4499816894531 21.1600036621094 21.1600036621094 18.7699890136719
15.1199951171875 15.1199951171875 15.8300170898438 15.8300170898438 18.489990234375 18.489990234375 0.1199951171875 0.1199951171875 21.6499938964844 21.6499938964844 16.4099731445312 16.4099731445312 12.6000061035156 12.6000061035156 15.489990234375 15.489990234375 20.5700073242188 20.5700073242188 18.2900085449219 18.2900085449219 15.3099975585938 15.3099975585938 23.9400024414062 23.9400024414062 27.8800048828125 27.8800048828125 13.0799865722656 13.0799865722656 25.239990234375 25.239990234375 26.3699951171875 26.3699951171875 0 0 2.6199951171875 2.6199951171875 17.5899963378906 17.5899963378906 17.9800109863281 17.9800109863281 25.6199951171875 25.6199951171875 22.4499816894531 22.4499816894531 21.1600036621094 21.1600036621094 18.7699890136719
1.04000854492188 1.04000854492188 5.58999633789062 5.58999633789062 18.5400085449219 18.5400085449219 15.9500122070312 15.9500122070312 15.3800048828125 15.3800048828125 17.6199951171875 17.6199951171875 15.5400085449219 15.5400085449219 19.9500122070312 19.9500122070312 19.2699890136719 19.2699890136719 18.3900146484375 18.3900146484375 11.5899963378906 11.5899963378906 24.0099792480469 24.0099792480469 10.8999938964844 10.8999938964844 16.5899963378906 16.5899963378906 27.1099853515625 27.1099853515625 20.2300109863281 20.2300109863281 9.1300048828125 9.1300048828125 15.3900146484375 15.3900146484375 17.0500183105469 17.0500183105469 11.6800231933594 11.6800231933594 18.5599975585938 18.5599975585938 17.9299926757812 17.9299926757812 11.239990234375 11.239990234375 23.6300048828125
1.04000854492188 1.04000854492188 5.58999633789062 5.58999633789062 18.5400085449219 18.5400085449219 15.9500122070312 15.9500122070312 15.3800048828125 15.3800048828125 17.6199951171875 17.6199951171875 15.5400085449219 15.5400085449219 19.9500122070312 19.9500122070312 19.2699890136719 19.2699890136719 18.3900146484375 18.3900146484375 11.5899963378906 11.5899963378906 24.0099792480469 24.0099792480469 10.8999938964844 10.8999938964844 16.5899963378906 16.5899963378906 27.1099853515625 27.1099853515625 20.2300109863281 20.2300109863281 9.1300048828125 9.1300048828125 15.3900146484375 15.3900146484375 17.0500183105469 17.0500183105469 11.6800231933594 11.6800231933594 18.5599975585938 18.5599975585938 17.9299926757812 17.9299926757812 11.239990234375 11.239990234375 23.6300048828125
4.75 4.75 5.08001708984375 5.08001708984375 4.510009765625 4.510009765625 3.16000366210938 3.16000366210938 12.9599914550781 12.9599914550781 14.2799987792969 14.2799987792969 6.11001586914062 6.11001586914062 17.9700012207031 17.9700012207031 13.8200073242188 13.8200073242188 22.489990234375 22.489990234375 22.8900146484375 22.8900146484375 20.1599731445312 20.1599731445312 26.3299865722656 26.3299865722656 24.0700073242188 24.0700073242188 0 0 26.8699951171875 26.8699951171875 20.760009765625 20.760009765625 9.32000732421875 9.32000732421875 13.239990234375 13.239990234375 12.239990234375 12.239990234375 20.2000122070312 20.2000122070312 18.8599853515625 18.8599853515625 21.9299926757812 21.9299926757812 21.3600158691406
4.75 4.75 5.08001708984375 5.08001708984375 4.510009765625 4.510009765625 3.16000366210938 3.16000366210938 12.9599914550781 12.9599914550781 14.2799987792969 14.2799987792969 6.11001586914062 6.11001586914062 17.9700012207031 17.9700012207031 13.8200073242188 13.8200073242188 22.489990234375 22.489990234375 22.8900146484375 22.8900146484375 20.1599731445312 20.1599731445312 26.3299865722656 26.3299865722656 24.0700073242188 24.0700073242188 0 0 26.8699951171875 26.8699951171875 20.760009765625 20.760009765625 9.32000732421875 9.32000732421875 13.239990234375 13.239990234375 12.239990234375 12.239990234375 20.2000122070312 20.2000122070312 18.8599853515625 18.8599853515625 21.9299926757812 21.9299926757812 21.3600158691406
