SensitivityAnalysis/input/A/tree-height.asc
NCOLS 300 
NROWS 300 
XLLCORNER 439110.00012207 
YLLCORNER 5645860.00012207 
CELLSIZE 5 
NODATA_value -3.4e+38 
[rows 23 to 45 of 300, columns 0 to 51 of 300]
11.2000122070312 17.3699951171875 17.3699951171875 21.3500061035156 21.3500061035156 12.4499816894531 12.4499816894531 5.5 5.5 8.8699951171875 8.8699951171875 12.7000122070312 12.7000122070312 9.30999755859375 9.30999755859375 0 0 0 0 0 0 0 0 0.009979248046875 0.009979248046875 0 0 0 0 0 0 0 0 0.010009765625 0.010009765625 0 0 0 0 0 0 0 0 0 0 0 0 0 0 0 0 0
11.2000122070312 17.3699951171875 17.3699951171875 21.3500061035156 21.3500061035156 12.4499816894531 12.4499816894531 5.5 5.5 8.8699951171875 8.8699951171875 12.7000122070312 12.7000122070312 9.30999755859375 9.30999755859375 0 0 0 0 0 0 0 0 0.009979248046875 0.009979248046875 0 0 0 0 0 0 0 0 0.010009765625 0.010009765625 0 0 0 0 0 0 0 0 0 0 0 0 0 0 0 0 0
0 0.03997802734375 0.03997802734375 5.27999877929688 5.27999877929688 19.3500061035156 19.3500061035156 6.87002563476562 6.87002563476562 6.3800048828125 6.3800048828125 10.5 10.5 0.079986572265625 0.079986572265625 0 0 0.010009765625 0.010009765625 0 0 0 0 0.040008544921875 0.040008544921875 0 0 0.02001953125 0.02001953125 0 0 0 0 0.050018310546875 0.050018310546875 0 0 0.029998779296875 0.029998779296875 0 0 0 0 0 0 0 0 0.019989013671875 0.019989013671875 0 0 0.010009765625
0 0.03997802734375 0.03997802734375 5.27999877929688 5.27999877929688 19.3500061035156 19.3500061035156 6.87002563476562 6.87002563476562 6.3800048828125 6.3800048828125 10.5 10.5 0.079986572265625 0.079986572265625 0 0 0.010009765625 0.010009765625 0 0 0 0 0.040008544921875 0.040008544921875 0 0 0.02001953125 0.02001953125 0 0 0 0 0.050018310546875 0.050018310546875 0 0 0.029998779296875 0.029998779296875 0 0 0 0 0 0 0 0 0.019989013671875 0.019989013671875 0 0 0.010009765625
0 0 0 0 0 6.510009765625 6.510009765625 17.5 17.5 19.2000122070312 19.2000122070312 0 0 0 0 0 0 0 0 0 0 1.17999267578125 1.17999267578125 0.1300048828125 0.1300048828125 0 0 0.04998779296875 0.04998779296875 0 0 0.060028076171875 0.060028076171875 0.05999755859375 0.05999755859375 0 0 0.05999755859375 0.05999755859375 0.009979248046875 0.009979248046875 0.029998779296875 0.029998779296875 0 0 0.019989013671875 0.019989013671875 0.03997802734375 0.03997802734375 0 0 5.91998291015625
0 0 0 0 0 6.510009765625 6.510009765625 17.5 17.5 19.2000122070312 19.2000122070312 0 0 0 0 0 0 0 0 0 0 1.17999267578125 1.17999267578125 0.1300048828125 0.1300048828125 0 0 0.04998779296875 0.04998779296875 0 0 0.060028076171875 0.060028076171875 0.05999755859375 0.05999755859375 0 0 0.05999755859375 0.05999755859375 0.009979248046875 0.009979248046875 0.029998779296875 0.029998779296875 0 0 0.019989013671875 0.019989013671875 0.03997802734375 0.03997802734375 0 0 5.91998291015625
13.9900207519531 5.27001953125 5.27001953125 0.029998779296875 0.029998779296875 0 0 0.42999267578125 0.42999267578125 19.3800048828125 19.3800048828125 3.87997436523438 3.87997436523438 0.17999267578125 0.17999267578125 0 0 0 0 0 0 0 0 0.3800048828125 0.3800048828125 0 0 0.010009765625 0.010009765625 0 0 0 0 0.02001953125 0.02001953125 0 0 0.010009765625 0.010009765625 0 0 0 0 0 0 0 0 0.009979248046875 0.009979248046875 0.02001953125 0.02001953125 18.260009765625
13.9900207519531 5.27001953125 5.27001953125 0.029998779296875 0.029998779296875 0 0 0.42999267578125 0.42999267578125 19.3800048828125 19.3800048828125 3.87997436523438 3.87997436523438 0.17999267578125 0.17999267578125 0 0 0 0 0 0 0 0 0.3800048828125 0.3800048828125 0 0 0.010009765625 0.010009765625 0 0 0 0 0.02001953125 0.02001953125 0 0 0.010009765625 0.010009765625 0 0 0 0 0 0 0 0 0.009979248046875 0.009979248046875 0.02001953125 0.02001953125 18.260009765625
0 18.27001953125 18.27001953125 19.0400085449219 19.0400085449219 0.8699951171875 0.8699951171875 4.81997680664062 4.81997680664062 0 0 0.069976806640625 0.069976806640625 0.1400146484375 0.1400146484375 0 0 0.069976806640625 0.069976806640625 0 0 0.07000732421875 0.07000732421875 0.079986572265625 0.079986572265625 0 0 0.199981689453125 0.199981689453125 0 0 0.040008544921875 0.040008544921875 0.04998779296875 0.04998779296875 0 0 0.04998779296875 0.04998779296875 0 0 0.029998779296875 0.029998779296875 0 0 0.010009765625 0.010009765625 0.029998779296875 0.029998779296875 0 0 15.7900085449219
0 18.27001953125 18.27001953125 19.0400085449219 19.0400085449219 0.8699951171875 0.8699951171875 4.81997680664062 4.81997680664062 0 0 0.069976806640625 0.069976806640625 0.1400146484375 0.1400146484375 0 0 0.069976806640625 0.069976806640625 0 0 0.07000732421875 0.07000732421875 0.079986572265625 0.079986572265625 0 0 0.199981689453125 0.199981689453125 0 0 0.040008544921875 0.040008544921875 0.04998779296875 0.04998779296875 0 0 0.04998779296875 0.04998779296875 0 0 0.029998779296875 0.029998779296875 0 0 0.010009765625 0.010009765625 0.029998779296875 0.029998779296875 0 0 15.7900085449219
0 0 0 9.83999633789062 9.83999633789062 15.6299743652344 15.6299743652344 5.55001831054688 5.55001831054688 0 0 0 0 0 0 0.04998779296875 0.04998779296875 0 0 0 0 0 0 0 0 0 0 0 0 2.1300048828125 2.1300048828125 0.1300048828125 0.1300048828125 0.010009765625 0.010009765625 0 0 0 0 0 0 0 0 0 0 0 0 0 0 2.70001220703125 2.70001220703125 13.1000061035156
0 0 0 9.83999633789062 9.83999633789062 15.6299743652344 15.6299743652344 5.55001831054688 5.55001831054688 0 0 0 0 0 0 0.04998779296875 0.04998779296875 0 0 0 0 0 0 0 0 0 0 0 0 2.1300048828125 2.1300048828125 0.1300048828125 0.1300048828125 0.010009765625 0.010009765625 0 0 0 0 0 0 0 0 0 0 0 0 0 0 2.70001220703125 2.70001220703125 13.1000061035156
0 0.07000732421875 0.07000732421875 0.04998779296875 0.04998779296875 0.889984130859375 0.889984130859375 0.07000732421875 0.07000732421875 0 0 0.029998779296875 0.029998779296875 0.089996337890625 0.089996337890625 0 0 0.069976806640625 0.069976806640625 0.089996337890625 0.089996337890625 0.010009765625 0.010009765625 0.03997802734375 0.03997802734375 0 0 0.029998779296875 0.029998779296875 0 0 0 0 0.17999267578125 0.17999267578125 0.010009765625 0.010009765625 0.029998779296875 0.029998779296875 0 0 0.010009765625 0.010009765625 0 0 0.009979248046875 0.009979248046875 0.019989013671875 0.019989013671875 20.1000061035156 20.1000061035156 21.5
0 0.07000732421875 0.07000732421875 0.04998779296875 0.04998779296875 0.889984130859375 0.889984130859375 0.07000732421875 0.07000732421875 0 0 0.029998779296875 0.029998779296875 0.089996337890625 0.089996337890625 0 0 0.069976806640625 0.069976806640625 0.089996337890625 0.089996337890625 0.010009765625 0.010009765625 0.03997802734375 0.03997802734375 0 0 0.029998779296875 0.029998779296875 0 0 0 0 0.17999267578125 0.17999267578125 0.010009765625 0.010009765625 0.029998779296875 0.029998779296875 0 0 0.010009765625 0.010009765625 0 0 0.009979248046875 0.009979248046875 0.019989013671875 0.019989013671875 20.1000061035156 20.1000061035156 21.5
0 0 0 0 0 0 0 0 0 0.029998779296875 0.029998779296875 0 0 0 0 0 0 0 0 0 0 0.010009765625 0.010009765625 0 0 0 0 0 0 0 0 0 0 0 0 0 0 0.079986572265625 0.079986572265625 0 0 0 0 0 0 0 0 11.8900146484375 11.8900146484375 18.3299865722656 18.3299865722656 16.6700134277344
0 0 0 0 0 0 0 0 0 0.029998779296875 0.029998779296875 0 0 0 0 0 0 0 0 0 0 0.010009765625 0.010009765625 0 0 0 0 0 0 0 0 0 0 0 0 0 0 0.079986572265625 0.079986572265625 0 0 0 0 0 0 0 0 11.8900146484375 11.8900146484375 18.3299865722656 18.3299865722656 16.6700134277344
0 0 0 0.040008544921875 0.040008544921875 0 0 0.010009765625 0.010009765625 0 0 0 0 0.41998291015625 0.41998291015625 0 0 0.02001953125 0.02001953125 0 0 0 0 0.040008544921875 0.040008544921875 0 0 0.010009765625 0.010009765625 0 0 0.019989013671875 0.019989013671875 0.029998779296875 0.029998779296875 0 0 0 0 0.010009765625 0.010009765625 0 0 0 0 0.1300048828125 0.1300048828125 21.5599975585938 21.5599975585938 22.7000122070312 22.7000122070312 27.4400024414062
0 0 0 0.040008544921875 0.040008544921875 0 0 0.010009765625 0.010009765625 0 0 0 0 0.41998291015625 0.41998291015625 0 0 0.02001953125 0.02001953125 0 0 0 0 0.040008544921875 0.040008544921875 0 0 0.010009765625 0.010009765625 0 0 0.019989013671875 0.019989013671875 0.029998779296875 0.029998779296875 0 0 0 0 0.010009765625 0.010009765625 0 0 0 0 0.1300048828125 0.1300048828125 21.5599975585938 21.5599975585938 22.7000122070312 22.7000122070312 27.4400024414062
0.010009765625 0.05999755859375 0.05999755859375 0.149993896484375 0.149993896484375 0.04998779296875 0.04998779296875 0.08001708984375 0.08001708984375 0.050018310546875 0.050018310546875 0.1300048828125 0.1300048828125 0.07000732421875 0.07000732421875 0.22998046875 0.22998046875 0.410003662109375 0.410003662109375 0.08001708984375 0.08001708984375 0.100006103515625 0.100006103515625 0.1099853515625 0.1099853515625 0.040008544921875 0.040008544921875 0.09002685546875 0.09002685546875 0.05999755859375 0.05999755859375 0.08001708984375 0.08001708984375 0.060028076171875 0.060028076171875 0.050018310546875 0.050018310546875 0.05999755859375 0.05999755859375 0.32000732421875 0.32000732421875 0.02001953125 0.02001953125 0.060028076171875 0.060028076171875 0.010009765625 0.010009765625 21.0500183105469 21.0500183105469 24.760009765625 24.760009765625 22.2999877929688
0.010009765625 0.05999755859375 0.05999755859375 0.149993896484375 0.149993896484375 0.04998779296875 0.04998779296875 0.08001708984375 0.08001708984375 0.050018310546875 0.050018310546875 0.1300048828125 0.1300048828125 0.07000732421875 0.07000732421875 0.22998046875 0.22998046875 0.410003662109375 0.410003662109375 0.08001708984375 0.08001708984375 0.100006103515625 0.100006103515625 0.1099853515625 0.1099853515625 0.040008544921875 0.040008544921875 0.09002685546875 0.09002685546875 0.05999755859375 0.05999755859375 0.08001708984375 0.08001708984375 0.060028076171875 0.060028076171875 0.050018310546875 0.050018310546875 0.05999755859375 0.05999755859375 0.32000732421875 0.32000732421875 0.02001953125 0.02001953125 0.060028076171875 0.060028076171875 0.010009765625 0.010009765625 21.0500183105469 21.0500183105469 24.760009765625 24.760009765625 22.2999877929688
0 0 0 0 0 0 0 0 0 0 0 0 0 0 0 0 0 0 0 4.47000122070312 4.47000122070312 0 0 0 0 0 0 0 0 0 0 0 0 0 0 0 0 0 0 0 0 0 0 0.010009765625 0.010009765625 0.010009765625 0.010009765625 21.6900024414062 21.6900024414062 21.0700073242188 21.0700073242188 19.97998046875
0 0 0 0 0 0 0 0 0 0 0 0 0 0 0 0 0 0 0 4.47000122070312 4.47000122070312 0 0 0 0 0 0 0 0 0 0 0 0 0 0 0 0 0 0 0 0 0 0 0.010009765625 0.010009765625 0.010009765625 0.010009765625 21.6900024414062 21.6900024414062 21.0700073242188 21.0700073242188 19.97998046875
0 0.019989013671875 0.019989013671875 0.05999755859375 0.05999755859375 0 0 0.05999755859375 0.05999755859375 0 0 0.019989013671875 0.019989013671875 0.089996337890625 0.089996337890625 0.03997802734375 0.03997802734375 0.089996337890625 0.089996337890625 0 0 0.220001220703125 0.220001220703125 0.269989013671875 0.269989013671875 0.050018310546875 0.050018310546875 0.05999755859375 0.05999755859375 0.04998779296875 0.04998779296875 0.08001708984375 0.08001708984375 0.04998779296875 0.04998779296875 0.050018310546875 0.050018310546875 0.03997802734375 0.03997802734375 0.069976806640625 0.069976806640625 0.05999755859375 0.05999755859375 0.07000732421875 0.07000732421875 0.510009765625 0.510009765625 0.03997802734375 0.03997802734375 19.010009765625 19.010009765625 22.7699890136719
