SensitivityAnalysis/input/A/tree-height.asc
NCOLS 300 
NROWS 300 
XLLCORNER 439110.00012207 
YLLCORNER 5645860.00012207 
CELLSIZE 5 
NODATA_value -3.4e+38 
[rows 46 to 68 of 300, columns 52 to 103 of 300]
22.7699890136719 28.2799987792969 28.2799987792969 10.1000061035156 10.1000061035156 25.3799743652344 25.3799743652344 26.4800109863281 26.4800109863281 19.1399841308594 19.1399841308594 24.6100158691406 24.6100158691406 27.3399963378906 27.3399963378906 25.5499877929688 25.5499877929688 25.5899963378906 25.5899963378906 26.5599975585938 26.5599975585938 29.5299987792969 29.5299987792969 12.9500122070312 12.9500122070312 26.3600158691406 26.3600158691406 30.27001953125 30.27001953125 28.2900085449219 28.2900085449219 25.5599975585938 25.5599975585938 27.7699890136719 27.7699890136719 30.27001953125 30.27001953125 26.1700134277344 26.1700134277344 23.5899963378906 23.5899963378906 27.7699890136719 27.7699890136719 26.7000122070312 26.7000122070312 26.4299926757812 26.4299926757812 27.6800231933594 27.6800231933594 28.6700134277344 28.6700134277344 30.4199829101562
1.72000122070312 7.79998779296875 7.79998779296875 17.489990234375 17.489990234375 21.2900085449219 21.2900085449219 27.5400085449219 27.5400085449219 20.489990234375 20.489990234375 18.6100158691406 18.6100158691406 27.1799926757812 27.1799926757812 28.1000061035156 28.1000061035156 26.2900085449219 26.2900085449219 25.3399963378906 25.3399963378906 28 28 29.4600219726562 29.4600219726562 28.4700012207031 28.4700012207031 29.6200256347656 29.6200256347656 27.6100158691406 27.6100158691406 12.7799987792969 12.7799987792969 23.6600036621094 23.6600036621094 27.25 27.25 28.7699890136719 28.7699890136719 26.4700012207031 26.4700012207031 18.6100158691406 18.6100158691406 26.8900146484375 26.8900146484375 23.6699829101562 23.6699829101562 29.3500061035156 29.3500061035156 27.1099853515625 27.1099853515625 21.7200012207031
1.72000122070312 7.79998779296875 7.79998779296875 17.489990234375 17.489990234375 21.2900085449219 21.2900085449219 27.5400085449219 27.5400085449219 20.489990234375 20.489990234375 18.6100158691406 18.6100158691406 27.1799926757812 27.1799926757812 28.1000061035156 28.1000061035156 26.2900085449219 26.2900085449219 25.3399963378906 25.3399963378906 28 28 29.4600219726562 29.4600219726562 28.4700012207031 28.4700012207031 29.6200256347656 29.6200256347656 27.6100158691406 27.6100158691406 12.7799987792969 12.7799987792969 23.6600036621094 23.6600036621094 27.25 27.25 28.7699890136719 28.7699890136719 26.4700012207031 26.4700012207031 18.6100158691406 18.6100158691406 26.8900146484375 26.8900146484375 23.6699829101562 23.6699829101562 29.3500061035156 29.3500061035156 27.1099853515625 27.1099853515625 21.7200012207031
0.010009765625 0.05999755859375 0.05999755859375 0.019989013671875 0.019989013671875 0.17999267578125 0.17999267578125 14.3099975585938 14.3099975585938 13 13 20.5 20.5 21.6799926757812 21.6799926757812 24.4499816894531 24.4499816894531 28.5799865722656 28.5799865722656 31.7000122070312 31.7000122070312 27.8099975585938 27.8099975585938 27.3399963378906 27.3399963378906 26.9800109863281 26.9800109863281 29.8999938964844 29.8999938964844 29.6400146484375 29.6400146484375 29.5700073242188 29.5700073242188 28.7799987792969 28.7799987792969 25.1600036621094 25.1600036621094 28.27001953125 28.27001953125 31.75 31.75 25.5299987792969 25.5299987792969 30.1699829101562 30.1699829101562 27.0899963378906 27.0899963378906 28.3399963378906 28.3399963378906 25.47998046875 25.47998046875 22.7200012207031
0.010009765625 0.05999755859375 0.05999755859375 0.019989013671875 0.019989013671875 0.17999267578125 0.17999267578125 14.3099975585938 14.3099975585938 13 13 20.5 20.5 21.6799926757812 21.6799926757812 24.4499816894531 24.4499816894531 28.5799865722656 28.5799865722656 31.7000122070312 31.7000122070312 27.8099975585938 27.8099975585938 27.3399963378906 27.3399963378906 26.9800109863281 26.9800109863281 29.8999938964844 29.8999938964844 29.6400146484375 29.6400146484375 29.5700073242188 29.5700073242188 28.7799987792969 28.7799987792969 25.1600036621094 25.1600036621094 28.27001953125 28.27001953125 31.75 31.75 25.5299987792969 25.5299987792969 30.1699829101562 30.1699829101562 27.0899963378906 27.0899963378906 28.3399963378906 28.3399963378906 25.47998046875 25.47998046875 22.7200012207031
0 0.089996337890625 0.089996337890625 0.029998779296875 0.029998779296875 0.019989013671875 0.019989013671875 0.02001953125 0.02001953125 0.07000732421875 0.07000732421875 1.94000244140625 1.94000244140625 14.8899841308594 14.8899841308594 20.2999877929688 20.2999877929688 22.8299865722656 22.8299865722656 24.75 24.75 25.7799987792969 25.7799987792969 23.9299926757812 23.9299926757812 30.02001953125 30.02001953125 20.5 20.5 28.7999877929688 28.7999877929688 26.989990234375 26.989990234375 28.1300048828125 28.1300048828125 26.1300048828125 26.1300048828125 22.3300170898438 22.3300170898438 28.1499938964844 28.1499938964844 21.2799987792969 21.2799987792969 3.33999633789062 3.33999633789062 25.5099792480469 25.5099792480469 27.8699951171875 27.8699951171875 23.9500122070312 23.9500122070312 17.25
0 0.089996337890625 0.089996337890625 0.029998779296875 0.029998779296875 0.019989013671875 0.019989013671875 0.02001953125 0.02001953125 0.07000732421875 0.07000732421875 1.94000244140625 1.94000244140625 14.8899841308594 14.8899841308594 20.2999877929688 20.2999877929688 22.8299865722656 22.8299865722656 24.75 24.75 25.7799987792969 25.7799987792969 23.9299926757812 23.9299926757812 30.02001953125 30.02001953125 20.5 20.5 28.7999877929688 28.7999877929688 26.989990234375 26.989990234375 28.1300048828125 28.1300048828125 26.1300048828125 26.1300048828125 22.3300170898438 22.3300170898438 28.1499938964844 28.1499938964844 21.2799987792969 21.2799987792969 3.33999633789062 3.33999633789062 25.5099792480469 25.5099792480469 27.8699951171875 27.8699951171875 23.9500122070312 23.9500122070312 17.25
0.009979248046875 0.07000732421875 0.07000732421875 0.03997802734375 0.03997802734375 0 0 0.05999755859375 0.05999755859375 0 0 0.05999755859375 0.05999755859375 0.05999755859375 0.05999755859375 0.009979248046875 0.009979248046875 9.6300048828125 9.6300048828125 22.2200012207031 22.2200012207031 18.8599853515625 18.8599853515625 24.1599731445312 24.1599731445312 16.5400085449219 16.5400085449219 28.8000183105469 28.8000183105469 25.8399963378906 25.8399963378906 26.0899963378906 26.0899963378906 25.8599853515625 25.8599853515625 28.2900085449219 28.2900085449219 24.6699829101562 24.6699829101562 27.4400024414062 27.4400024414062 29.3999938964844 29.3999938964844 25.0700073242188 25.0700073242188 28.9700012207031 28.9700012207031 31.6199951171875 31.6199951171875 31.0399780273438 31.0399780273438 23.0700073242188
0.009979248046875 0.07000732421875 0.07000732421875 0.03997802734375 0.03997802734375 0 0 0.05999755859375 0.05999755859375 0 0 0.05999755859375 0.05999755859375 0.05999755859375 0.05999755859375 0.009979248046875 0.009979248046875 9.6300048828125 9.6300048828125 22.2200012207031 22.2200012207031 18.8599853515625 18.8599853515625 24.1599731445312 24.1599731445312 16.5400085449219 16.5400085449219 28.8000183105469 28.8000183105469 25.8399963378906 25.8399963378906 26.0899963378906 26.0899963378906 25.8599853515625 25.8599853515625 28.2900085449219 28.2900085449219 24.6699829101562 24.6699829101562 27.4400024414062 27.4400024414062 29.3999938964844 29.3999938964844 25.0700073242188 25.0700073242188 28.9700012207031 28.9700012207031 31.6199951171875 31.6199951171875 31.0399780273438 31.0399780273438 23.0700073242188
0.6199951171875 0.1199951171875 0.1199951171875 0.050018310546875 0.050018310546875 0 0 0.029998779296875 0.029998779296875 0.010009765625 0.010009765625 0.029998779296875 0.029998779296875 0 0 0 0 0.010009765625 0.010009765625 0 0 7.58001708984375 7.58001708984375 14.489990234375 14.489990234375 23.9800109863281 23.9800109863281 24.9100036621094 24.9100036621094 21.4400024414062 21.4400024414062 23.9600219726562 23.9600219726562 22.0400085449219 22.0400085449219 22.2999877929688 22.2999877929688 27.77001953125 27.77001953125 29.6000061035156 29.6000061035156 26.0199890136719 26.0199890136719 25.9599914550781 25.9599914550781 25.4500122070312 25.4500122070312 27.4400024414062 27.4400024414062 28.3399963378906 28.3399963378906 19.2799987792969
0.6199951171875 0.1199951171875 0.1199951171875 0.050018310546875 0.050018310546875 0 0 0.029998779296875 0.029998779296875 0.010009765625 0.010009765625 0.029998779296875 0.029998779296875 0 0 0 0 0.010009765625 0.010009765625 0 0 7.58001708984375 7.58001708984375 14.489990234375 14.489990234375 23.9800109863281 23.9800109863281 24.9100036621094 24.9100036621094 21.4400024414062 21.4400024414062 23.9600219726562 23.9600219726562 22.0400085449219 22.0400085449219 22.2999877929688 22.2999877929688 27.77001953125 27.77001953125 29.6000061035156 29.6000061035156 26.0199890136719 26.0199890136719 25.9599914550781 25.9599914550781 25.4500122070312 25.4500122070312 27.4400024414062 27.4400024414062 28.3399963378906 28.3399963378906 19.2799987792969
8.760009765625 0.16998291015625 0.16998291015625 0.05999755859375 0.05999755859375 0 0 0.079986572265625 0.079986572265625 0 0 0.079986572265625 0.079986572265625 0.019989013671875 0.019989013671875 0 0 0.009979248046875 0.009979248046875 0 0 0.03997802734375 0.03997802734375 0.079986572265625 0.079986572265625 10.5799865722656 10.5799865722656 21.7200012207031 21.7200012207031 22.0899963378906 22.0899963378906 25.6900024414062 25.6900024414062 26.8500061035156 26.8500061035156 26.1699829101562 26.1699829101562 30.2200012207031 30.2200012207031 24.47998046875 24.47998046875 17.7300109863281 17.7300109863281 12.6100158691406 12.6100158691406 31.9400024414062 31.9400024414062 26.760009765625 26.760009765625 14.5199890136719 14.5199890136719 22.7599792480469
8.760009765625 0.16998291015625 0.16998291015625 0.05999755859375 0.05999755859375 0 0 0.079986572265625 0.079986572265625 0 0 0.079986572265625 0.079986572265625 0.019989013671875 0.019989013671875 0 0 0.009979248046875 0.009979248046875 0 0 0.03997802734375 0.03997802734375 0.079986572265625 0.079986572265625 10.5799865722656 10.5799865722656 21.7200012207031 21.7200012207031 22.0899963378906 22.0899963378906 25.6900024414062 25.6900024414062 26.8500061035156 26.8500061035156 26.1699829101562 26.1699829101562 30.2200012207031 30.2200012207031 24.47998046875 24.47998046875 17.7300109863281 17.7300109863281 12.6100158691406 12.6100158691406 31.9400024414062 31.9400024414062 26.760009765625 26.760009765625 14.5199890136719 14.5199890136719 22.7599792480469
10.7300109863281 9.83999633789062 9.83999633789062 0.259979248046875 0.259979248046875 0 0 0.03997802734375 0.03997802734375 0 0 0.089996337890625 0.089996337890625 0.019989013671875 0.019989013671875 0 0 0.009979248046875 0.009979248046875 0 0 0.02001953125 0.02001953125 0 0 0 0 0.040008544921875 0.040008544921875 4.5 4.5 18.6399841308594 18.6399841308594 20.9600219726562 20.9600219726562 24.0899963378906 24.0899963378906 24.25 24.25 14.3899841308594 14.3899841308594 30.4200134277344 30.4200134277344 25.6300048828125 25.6300048828125 26.27001953125 26.27001953125 26.7699890136719 26.7699890136719 17.1099853515625 17.1099853515625 26.75
10.7300109863281 9.83999633789062 9.83999633789062 0.259979248046875 0.259979248046875 0 0 0.03997802734375 0.03997802734375 0 0 0.089996337890625 0.089996337890625 0.019989013671875 0.019989013671875 0 0 0.009979248046875 0.009979248046875 0 0 0.02001953125 0.02001953125 0 0 0 0 0.040008544921875 0.040008544921875 4.5 4.5 18.6399841308594 18.6399841308594 20.9600219726562 20.9600219726562 24.0899963378906 24.0899963378906 24.25 24.25 14.3899841308594 14.3899841308594 30.4200134277344 30.4200134277344 25.6300048828125 25.6300048828125 26.27001953125 26.27001953125 26.7699890136719 26.7699890136719 17.1099853515625 17.1099853515625 26.75
11.2200012207031 9.57998657226562 9.57998657226562 8.4000244140625 8.4000244140625 0 0 0 0 0 0 0.069976806640625 0.069976806640625 0.010009765625 0.010009765625 0 0 0 0 0.010009765625 0.010009765625 0.019989013671875 0.019989013671875 0.02001953125 0.02001953125 0 0 0.029998779296875 0.029998779296875 0.029998779296875 0.029998779296875 0 0 1.79000854492188 1.79000854492188 13.5899963378906 13.5899963378906 16.7900085449219 16.7900085449219 24.6899719238281 24.6899719238281 22.8399963378906 22.8399963378906 24.1800231933594 24.1800231933594 27.2900085449219 27.2900085449219 29.0400085449219 29.0400085449219 26.7099914550781 26.7099914550781 9.68002319335938
11.2200012207031 9.57998657226562 9.57998657226562 8.4000244140625 8.4000244140625 0 0 0 0 0 0 0.069976806640625 0.069976806640625 0.010009765625 0.010009765625 0 0 0 0 0.010009765625 0.010009765625 0.019989013671875 0.019989013671875 0.02001953125 0.02001953125 0 0 0.029998779296875 0.029998779296875 0.029998779296875 0.029998779296875 0 0 1.79000854492188 1.79000854492188 13.5899963378906 13.5899963378906 16.7900085449219 16.7900085449219 24.6899719238281 24.6899719238281 22.8399963378906 22.8399963378906 24.1800231933594 24.1800231933594 27.2900085449219 27.2900085449219 29.0400085449219 29.0400085449219 26.7099914550781 26.7099914550781 9.68002319335938
15.6600036621094 8.83999633789062 8.83999633789062 10.0599975585938 10.0599975585938 0 0 0 0 0.009979248046875 0.009979248046875 0.100006103515625 0.100006103515625 0.029998779296875 0.029998779296875 0 0 0.010009765625 0.010009765625 0 0 0.029998779296875 0.029998779296875 0 0 0 0 0.010009765625 0.010009765625 0.010009765625 0.010009765625 0 0 0 0 0 0 17.2899780273438 17.2899780273438 12.7699890136719 12.7699890136719 11.7400207519531 11.7400207519531 21.0199890136719 21.0199890136719 25 25 27.4199829101562 27.4199829101562 25.75 25.75 24.1099853515625
15.6600036621094 8.83999633789062 8.83999633789062 10.0599975585938 10.0599975585938 0 0 0 0 0.009979248046875 0.009979248046875 0.100006103515625 0.100006103515625 0.029998779296875 0.029998779296875 0 0 0.010009765625 0.010009765625 0 0 0.029998779296875 0.029998779296875 0 0 0 0 0.010009765625 0.010009765625 0.010009765625 0.010009765625 0 0 0 0 0 0 17.2899780273438 17.2899780273438 12.7699890136719 12.7699890136719 11.7400207519531 11.7400207519531 21.0199890136719 21.0199890136719 25 25 27.4199829101562 27.4199829101562 25.75 25.75 24.1099853515625
14.5799865722656 6.81997680664062 6.81997680664062 16.3699951171875 16.3699951171875 9.20999145507812 9.20999145507812 0.1099853515625 0.1099853515625 0 0 0.010009765625 0.010009765625 0.010009765625 0.010009765625 0 0 0.010009765625 0.010009765625 0 0 0.08001708984375 0.08001708984375 0.02001953125 0.02001953125 0 0 0.03997802734375 0.03997802734375 0 0 0 0 0.029998779296875 0.029998779296875 0 0 0.009979248046875 0.009979248046875 4.20001220703125 4.20001220703125 17.2799987792969 17.2799987792969 18.7200012207031 18.7200012207031 24.1000061035156 24.1000061035156 28.1700134277344 28.1700134277344 22.0599975585938 22.0599975585938 26.5699768066406
14.5799865722656 6.81997680664062 6.81997680664062 16.3699951171875 16.3699951171875 9.20999145507812 9.20999145507812 0.1099853515625 0.1099853515625 0 0 0.010009765625 0.010009765625 0.010009765625 0.010009765625 0 0 0.010009765625 0.010009765625 0 0 0.08001708984375 0.08001708984375 0.02001953125 0.02001953125 0 0 0.03997802734375 0.03997802734375 0 0 0 0 0.029998779296875 0.029998779296875 0 0 0.009979248046875 0.009979248046875 4.20001220703125 4.20001220703125 17.2799987792969 17.2799987792969 18.7200012207031 18.7200012207031 24.1000061035156 24.1000061035156 28.1700134277344 28.1700134277344 22.0599975585938 22.0599975585938 26.5699768066406
8.73001098632812 18.6900024414062 18.6900024414062 19.510009765625 19.510009765625 10.7699890136719 10.7699890136719 0.42999267578125 0.42999267578125 0.029998779296875 0.029998779296875 0.100006103515625 0.100006103515625 0.040008544921875 0.040008544921875 0 0 0.040008544921875 0.040008544921875 0 0 0.069976806640625 0.069976806640625 0.009979248046875 0.009979248046875 0 0 0.029998779296875 0.029998779296875 0.010009765625 0.010009765625 0.02001953125 0.02001953125 0.010009765625 0.010009765625 0.079986572265625 0.079986572265625 0.02001953125 0.02001953125 0 0 0.08001708984375 0.08001708984375 17.5800170898438 17.5800170898438 20.7300109863281 20.7300109863281 19.239990234375 19.239990234375 24.3999938964844 24.3999938964844 26.1999816894531
8.73001098632812 18.6900024414062 18.6900024414062 19.510009765625 19.510009765625 10.7699890136719 10.7699890136719 0.42999267578125 0.42999267578125 0.029998779296875 0.029998779296875 0.100006103515625 0.100006103515625 0.040008544921875 0.040008544921875 0 0 0.040008544921875 0.040008544921875 0 0 0.069976806640625 0.069976806640625 0.009979248046875 0.009979248046875 0 0 0.029998779296875 0.029998779296875 0.010009765625 0.010009765625 0.02001953125 0.02001953125 0.010009765625 0.010009765625 0.079986572265625 0.079986572265625 0.02001953125 0.02001953125 0 0 0.08001708984375 0.08001708984375 17.5800170898438 17.5800170898438 20.7300109863281 20.7300109863281 19.239990234375 19.239990234375 24.3999938964844 24.3999938964844 26.1999816894531
