SensitivityAnalysis/input/A/tree-height.asc
NCOLS 300 
NROWS 300 
XLLCORNER 439110.00012207 
YLLCORNER 5645860.00012207 
CELLSIZE 5 
NODATA_value -3.4e+38 
[rows 138 to 160 of 300, columns 52 to 103 of 300]
29.6799926757812 0 0 16.8299865722656 16.8299865722656 24.2200012207031 24.2200012207031 13.0899963378906 13.0899963378906 18.8399963378906 18.8399963378906 27.510009765625 27.510009765625 28.7799987792969 28.7799987792969 32.6799926757812 32.6799926757812 20.25 20.25 28.7100219726562 28.7100219726562 34.1400146484375 34.1400146484375 15.8200073242188 15.8200073242188 15.4900207519531 15.4900207519531 14.7599792480469 14.7599792480469 35.9599914550781 35.9599914550781 31.6499938964844 31.6499938964844 0 0 4.68997192382812 4.68997192382812 2.39999389648438 2.39999389648438 7.26998901367188 7.26998901367188 5.57998657226562 5.57998657226562 5.89999389648438 5.89999389648438 1.19000244140625 1.19000244140625 9.3699951171875 9.3699951171875 7.94000244140625 7.94000244140625 13.6500244140625
0.0999755859375 25.6799926757812 25.6799926757812 0.69000244140625 0.69000244140625 0 0 30.3599853515625 30.3599853515625 27.3699951171875 27.3699951171875 32.1799926757812 32.1799926757812 27.0299987792969 27.0299987792969 24.0299987792969 24.0299987792969 33.0499877929688 33.0499877929688 15.0299987792969 15.0299987792969 30.0400085449219 30.0400085449219 24.9300231933594 24.9300231933594 30.3699951171875 30.3699951171875 28.1900024414062 28.1900024414062 32.9800109863281 32.9800109863281 6.04000854492188 6.04000854492188 28.1600036621094 28.1600036621094 5.72000122070312 5.72000122070312 5.83999633789062 5.83999633789062 5.42999267578125 5.42999267578125 5.989990234375 5.989990234375 0.029998779296875 0.029998779296875 5.86001586914062 5.86001586914062 6.54000854492188 6.54000854492188 5.82998657226562 5.82998657226562 15.739990234375
0.0999755859375 25.6799926757812 25.6799926757812 0.69000244140625 0.69000244140625 0 0 30.3599853515625 30.3599853515625 27.3699951171875 27.3699951171875 32.1799926757812 32.1799926757812 27.0299987792969 27.0299987792969 24.0299987792969 24.0299987792969 33.0499877929688 33.0499877929688 15.0299987792969 15.0299987792969 30.0400085449219 30.0400085449219 24.9300231933594 24.9300231933594 30.3699951171875 30.3699951171875 28.1900024414062 28.1900024414062 32.9800109863281 32.9800109863281 6.04000854492188 6.04000854492188 28.1600036621094 28.1600036621094 5.72000122070312 5.72000122070312 5.83999633789062 5.83999633789062 5.42999267578125 5.42999267578125 5.989990234375 5.989990234375 0.029998779296875 0.029998779296875 5.86001586914062 5.86001586914062 6.54000854492188 6.54000854492188 5.82998657226562 5.82998657226562 15.739990234375
27.510009765625 16.3200073242188 16.3200073242188 21.7900085449219 21.7900085449219 31.0999755859375 31.0999755859375 32.510009765625 32.510009765625 5.57998657226562 5.57998657226562 28.3699951171875 28.3699951171875 28.25 28.25 25.260009765625 25.260009765625 20.5500183105469 20.5500183105469 29.22998046875 29.22998046875 27.25 27.25 27.1699829101562 27.1699829101562 28.0799865722656 28.0799865722656 1.1199951171875 1.1199951171875 24.760009765625 24.760009765625 9.67999267578125 9.67999267578125 29.6400146484375 29.6400146484375 27.510009765625 27.510009765625 7.04000854492188 7.04000854492188 8.07998657226562 8.07998657226562 2.47000122070312 2.47000122070312 9.77999877929688 9.77999877929688 6.73001098632812 6.73001098632812 6.92001342773438 6.92001342773438 8.1099853515625 8.1099853515625 17.6599731445312
27.510009765625 16.3200073242188 16.3200073242188 21.7900085449219 21.7900085449219 31.0999755859375 31.0999755859375 32.510009765625 32.510009765625 5.57998657226562 5.57998657226562 28.3699951171875 28.3699951171875 28.25 28.25 25.260009765625 25.260009765625 20.5500183105469 20.5500183105469 29.22998046875 29.22998046875 27.25 27.25 27.1699829101562 27.1699829101562 28.0799865722656 28.0799865722656 1.1199951171875 1.1199951171875 24.760009765625 24.760009765625 9.67999267578125 9.67999267578125 29.6400146484375 29.6400146484375 27.510009765625 27.510009765625 7.04000854492188 7.04000854492188 8.07998657226562 8.07998657226562 2.47000122070312 2.47000122070312 9.77999877929688 9.77999877929688 6.73001098632812 6.73001098632812 6.92001342773438 6.92001342773438 8.1099853515625 8.1099853515625 17.6599731445312
27.6199951171875 31.010009765625 31.010009765625 27.3800048828125 27.3800048828125 1.3900146484375 1.3900146484375 27.8800048828125 27.8800048828125 1.32000732421875 1.32000732421875 17.7200012207031 17.7200012207031 20.9600219726562 20.9600219726562 25.97998046875 25.97998046875 23.7900085449219 23.7900085449219 31.760009765625 31.760009765625 29.4200134277344 29.4200134277344 20.9299926757812 20.9299926757812 6 6 20.6999816894531 20.6999816894531 28.0499877929688 28.0499877929688 13.7799987792969 13.7799987792969 29.97998046875 29.97998046875 23.5499877929688 23.5499877929688 4.8699951171875 4.8699951171875 5.91000366210938 5.91000366210938 0 0 8.5 8.5 7.5 7.5 7.47998046875 7.47998046875 6.1400146484375 6.1400146484375 16.0099792480469
27.6199951171875 31.010009765625 31.010009765625 27.3800048828125 27.3800048828125 1.3900146484375 1.3900146484375 27.8800048828125 27.8800048828125 1.32000732421875 1.32000732421875 17.7200012207031 17.7200012207031 20.9600219726562 20.9600219726562 25.97998046875 25.97998046875 23.7900085449219 23.7900085449219 31.760009765625 31.760009765625 29.4200134277344 29.4200134277344 20.9299926757812 20.9299926757812 6 6 20.6999816894531 20.6999816894531 28.0499877929688 28.0499877929688 13.7799987792969 13.7799987792969 29.97998046875 29.97998046875 23.5499877929688 23.5499877929688 4.8699951171875 4.8699951171875 5.91000366210938 5.91000366210938 0 0 8.5 8.5 7.5 7.5 7.47998046875 7.47998046875 6.1400146484375 6.1400146484375 16.0099792480469
34.3000183105469 0.319976806640625 0.319976806640625 0.91998291015625 0.91998291015625 32.75 32.75 14.2699890136719 14.2699890136719 24.0599975585938 24.0599975585938 17.7200012207031 17.7200012207031 7.33999633789062 7.33999633789062 32.4300231933594 32.4300231933594 12.3000183105469 12.3000183105469 25.0899963378906 25.0899963378906 20.0800170898438 20.0800170898438 27.7200012207031 27.7200012207031 28.3099975585938 28.3099975585938 26.6100158691406 26.6100158691406 27.1099853515625 27.1099853515625 23.739990234375 23.739990234375 5.63998413085938 5.63998413085938 31.6399841308594 31.6399841308594 29.1799926757812 29.1799926757812 4.54998779296875 4.54998779296875 7.60000610351562 7.60000610351562 4.27999877929688 4.27999877929688 10.1000061035156 10.1000061035156 8.42999267578125 8.42999267578125 10.9599914550781 10.9599914550781 11.3200073242188
34.3000183105469 0.319976806640625 0.319976806640625 0.91998291015625 0.91998291015625 32.75 32.75 14.2699890136719 14.2699890136719 24.0599975585938 24.0599975585938 17.7200012207031 17.7200012207031 7.33999633789062 7.33999633789062 32.4300231933594 32.4300231933594 12.3000183105469 12.3000183105469 25.0899963378906 25.0899963378906 20.0800170898438 20.0800170898438 27.7200012207031 27.7200012207031 28.3099975585938 28.3099975585938 26.6100158691406 26.6100158691406 27.1099853515625 27.1099853515625 23.739990234375 23.739990234375 5.63998413085938 5.63998413085938 31.6399841308594 31.6399841308594 29.1799926757812 29.1799926757812 4.54998779296875 4.54998779296875 7.60000610351562 7.60000610351562 4.27999877929688 4.27999877929688 10.1000061035156 10.1000061035156 8.42999267578125 8.42999267578125 10.9599914550781 10.9599914550781 11.3200073242188
0 16.6499938964844 16.6499938964844 3.82000732421875 3.82000732421875 20.3900146484375 20.3900146484375 29.1799926757812 29.1799926757812 7.70999145507812 7.70999145507812 10.2099914550781 10.2099914550781 38.8600158691406 38.8600158691406 1.36001586914062 1.36001586914062 23.6399841308594 23.6399841308594 20.3699951171875 20.3699951171875 11.4900207519531 11.4900207519531 23.0400085449219 23.0400085449219 27.4299926757812 27.4299926757812 30.6900024414062 30.6900024414062 30.1399841308594 30.1399841308594 23.4599914550781 23.4599914550781 29.0400085449219 29.0400085449219 26.3300170898438 26.3300170898438 27.4299926757812 27.4299926757812 5.06997680664062 5.06997680664062 9.25 9.25 9.24002075195312 9.24002075195312 9.44998168945312 9.44998168945312 11.1000061035156 11.1000061035156 10.8599853515625 10.8599853515625 14.3999938964844
0 16.6499938964844 16.6499938964844 3.82000732421875 3.82000732421875 20.3900146484375 20.3900146484375 29.1799926757812 29.1799926757812 7.70999145507812 7.70999145507812 10.2099914550781 10.2099914550781 38.8600158691406 38.8600158691406 1.36001586914062 1.36001586914062 23.6399841308594 23.6399841308594 20.3699951171875 20.3699951171875 11.4900207519531 11.4900207519531 23.0400085449219 23.0400085449219 27.4299926757812 27.4299926757812 30.6900024414062 30.6900024414062 30.1399841308594 30.1399841308594 23.4599914550781 23.4599914550781 29.0400085449219 29.0400085449219 26.3300170898438 26.3300170898438 27.4299926757812 27.4299926757812 5.06997680664062 5.06997680664062 9.25 9.25 9.24002075195312 9.24002075195312 9.44998168945312 9.44998168945312 11.1000061035156 11.1000061035156 10.8599853515625 10.8599853515625 14.3999938964844
29.7999877929688 4.3699951171875 4.3699951171875 24.4600219726562 24.4600219726562 18.1300048828125 18.1300048828125 0 0 2.22000122070312 2.22000122070312 26.9100036621094 26.9100036621094 0 0 0 0 29.239990234375 29.239990234375 28.7999877929688 28.7999877929688 24.8299865722656 24.8299865722656 10.0499877929688 10.0499877929688 6.64999389648438 6.64999389648438 27.9499816894531 27.9499816894531 25.7999877929688 25.7999877929688 12.3200073242188 12.3200073242188 24.5700073242188 24.5700073242188 24.8799743652344 24.8799743652344 22.1499938964844 22.1499938964844 5.30999755859375 5.30999755859375 6.89999389648438 6.89999389648438 9.6300048828125 9.6300048828125 11.7599792480469 11.7599792480469 11.9199829101562 11.9199829101562 9.94000244140625 9.94000244140625 8.6300048828125
29.7999877929688 4.3699951171875 4.3699951171875 24.4600219726562 24.4600219726562 18.1300048828125 18.1300048828125 0 0 2.22000122070312 2.22000122070312 26.9100036621094 26.9100036621094 0 0 0 0 29.239990234375 29.239990234375 28.7999877929688 28.7999877929688 24.8299865722656 24.8299865722656 10.0499877929688 10.0499877929688 6.64999389648438 6.64999389648438 27.9499816894531 27.9499816894531 25.7999877929688 25.7999877929688 12.3200073242188 12.3200073242188 24.5700073242188 24.5700073242188 24.8799743652344 24.8799743652344 22.1499938964844 22.1499938964844 5.30999755859375 5.30999755859375 6.89999389648438 6.89999389648438 9.6300048828125 9.6300048828125 11.7599792480469 11.7599792480469 11.9199829101562 11.9199829101562 9.94000244140625 9.94000244140625 8.6300048828125
29.8600158691406 0 0 26.6300048828125 26.6300048828125 31.1399841308594 31.1399841308594 28.0599975585938 28.0599975585938 29.1799926757812 29.1799926757812 20.1000061035156 20.1000061035156 3.19000244140625 3.19000244140625 5.92999267578125 5.92999267578125 0.17999267578125 0.17999267578125 2.10000610351562 2.10000610351562 24.1799926757812 24.1799926757812 22.5299987792969 22.5299987792969 26.5500183105469 26.5500183105469 26.0500183105469 26.0500183105469 0 0 30.1299743652344 30.1299743652344 14.6300048828125 14.6300048828125 24.3599853515625 24.3599853515625 23.6700134277344 23.6700134277344 18.1600036621094 18.1600036621094 4.94000244140625 4.94000244140625 9.1099853515625 9.1099853515625 9.06997680664062 9.06997680664062 11.1099853515625 11.1099853515625 9.35000610351562 9.35000610351562 6.69998168945312
29.8600158691406 0 0 26.6300048828125 26.6300048828125 31.1399841308594 31.1399841308594 28.0599975585938 28.0599975585938 29.1799926757812 29.1799926757812 20.1000061035156 20.1000061035156 3.19000244140625 3.19000244140625 5.92999267578125 5.92999267578125 0.17999267578125 0.17999267578125 2.10000610351562 2.10000610351562 24.1799926757812 24.1799926757812 22.5299987792969 22.5299987792969 26.5500183105469 26.5500183105469 26.0500183105469 26.0500183105469 0 0 30.1299743652344 30.1299743652344 14.6300048828125 14.6300048828125 24.3599853515625 24.3599853515625 23.6700134277344 23.6700134277344 18.1600036621094 18.1600036621094 4.94000244140625 4.94000244140625 9.1099853515625 9.1099853515625 9.06997680664062 9.06997680664062 11.1099853515625 11.1099853515625 9.35000610351562 9.35000610351562 6.69998168945312
2.42999267578125 9.08001708984375 9.08001708984375 28.2900085449219 28.2900085449219 22.3399963378906 22.3399963378906 25.5699768066406 25.5699768066406 0.589996337890625 0.589996337890625 10.5599975585938 10.5599975585938 1.76998901367188 1.76998901367188 0.19000244140625 0.19000244140625 32.6799926757812 32.6799926757812 7.3699951171875 7.3699951171875 22.3900146484375 22.3900146484375 18.2200012207031 18.2200012207031 25.3099975585938 25.3099975585938 28.3000183105469 28.3000183105469 30.0699768066406 30.0699768066406 19.75 19.75 18.4100036621094 18.4100036621094 20.8799743652344 20.8799743652344 21.0499877929688 21.0499877929688 20.7000122070312 20.7000122070312 4.8900146484375 4.8900146484375 8.77001953125 8.77001953125 9.91000366210938 9.91000366210938 9.94000244140625 9.94000244140625 10.7099914550781 10.7099914550781 9.98001098632812
2.42999267578125 9.08001708984375 9.08001708984375 28.2900085449219 28.2900085449219 22.3399963378906 22.3399963378906 25.5699768066406 25.5699768066406 0.589996337890625 0.589996337890625 10.5599975585938 10.5599975585938 1.76998901367188 1.76998901367188 0.19000244140625 0.19000244140625 32.6799926757812 32.6799926757812 7.3699951171875 7.3699951171875 22.3900146484375 22.3900146484375 18.2200012207031 18.2200012207031 25.3099975585938 25.3099975585938 28.3000183105469 28.3000183105469 30.0699768066406 30.0699768066406 19.75 19.75 18.4100036621094 18.4100036621094 20.8799743652344 20.8799743652344 21.0499877929688 21.0499877929688 20.7000122070312 20.7000122070312 4.8900146484375 4.8900146484375 8.77001953125 8.77001953125 9.91000366210938 9.91000366210938 9.94000244140625 9.94000244140625 10.7099914550781 10.7099914550781 9.98001098632812
15.2900085449219 28.8600158691406 28.8600158691406 29.9100036621094 29.9100036621094 0.050018310546875 0.050018310546875 19.72998046875 19.72998046875 0.149993896484375 0.149993896484375 24.6199951171875 24.6199951171875 31.97998046875 31.97998046875 12.7900085449219 12.7900085449219 26.2099914550781 26.2099914550781 30.510009765625 30.510009765625 25.9300231933594 25.9300231933594 27.8399963378906 27.8399963378906 30.6000061035156 30.6000061035156 5.72000122070312 5.72000122070312 21.4599914550781 21.4599914550781 26.75 26.75 21.6200256347656 21.6200256347656 22.5700073242188 22.5700073242188 23.1199951171875 23.1199951171875 25.1999816894531 25.1999816894531 4.95999145507812 4.95999145507812 8.1300048828125 8.1300048828125 1.82998657226562 1.82998657226562 9.48001098632812 9.48001098632812 9.69000244140625 9.69000244140625 10.9299926757812
15.2900085449219 28.8600158691406 28.8600158691406 29.9100036621094 29.9100036621094 0.050018310546875 0.050018310546875 19.72998046875 19.72998046875 0.149993896484375 0.149993896484375 24.6199951171875 24.6199951171875 31.97998046875 31.97998046875 12.7900085449219 12.7900085449219 26.2099914550781 26.2099914550781 30.510009765625 30.510009765625 25.9300231933594 25.9300231933594 27.8399963378906 27.8399963378906 30.6000061035156 30.6000061035156 5.72000122070312 5.72000122070312 21.4599914550781 21.4599914550781 26.75 26.75 21.6200256347656 21.6200256347656 22.5700073242188 22.5700073242188 23.1199951171875 23.1199951171875 25.1999816894531 25.1999816894531 4.95999145507812 4.95999145507812 8.1300048828125 8.1300048828125 1.82998657226562 1.82998657226562 9.48001098632812 9.48001098632812 9.69000244140625 9.69000244140625 10.9299926757812
1.989990234375 1.45001220703125 1.45001220703125 13.719970703125 13.719970703125 20 20 2.57998657226562 2.57998657226562 23.5599975585938 23.5599975585938 20.9100036621094 20.9100036621094 31.5299987792969 31.5299987792969 19.989990234375 19.989990234375 30.3500061035156 30.3500061035156 5.36001586914062 5.36001586914062 17.8300170898438 17.8300170898438 7.19000244140625 7.19000244140625 0.45001220703125 0.45001220703125 20.8099975585938 20.8099975585938 27.2200012207031 27.2200012207031 22.7799987792969 22.7799987792969 1.82998657226562 1.82998657226562 24.8399963378906 24.8399963378906 16.9500122070312 16.9500122070312 22 22 18.6600036621094 18.6600036621094 7.16000366210938 7.16000366210938 9.38998413085938 9.38998413085938 10.4499816894531 10.4499816894531 11.1100158691406 11.1100158691406 10.3099975585938
1.989990234375 1.45001220703125 1.45001220703125 13.719970703125 13.719970703125 20 20 2.57998657226562 2.57998657226562 23.5599975585938 23.5599975585938 20.9100036621094 20.9100036621094 31.5299987792969 31.5299987792969 19.989990234375 19.989990234375 30.3500061035156 30.3500061035156 5.36001586914062 5.36001586914062 17.8300170898438 17.8300170898438 7.19000244140625 7.19000244140625 0.45001220703125 0.45001220703125 20.8099975585938 20.8099975585938 27.2200012207031 27.2200012207031 22.7799987792969 22.7799987792969 1.82998657226562 1.82998657226562 24.8399963378906 24.8399963378906 16.9500122070312 16.9500122070312 22 22 18.6600036621094 18.6600036621094 7.16000366210938 7.16000366210938 9.38998413085938 9.38998413085938 10.4499816894531 10.4499816894531 11.1100158691406 11.1100158691406 10.3099975585938
22.1300048828125 4.73001098632812 4.73001098632812 19.0700073242188 19.0700073242188 24.3999938964844 24.3999938964844 0 0 28.8699951171875 28.8699951171875 15.1999816894531 15.1999816894531 27.4499816894531 27.4499816894531 27.7000122070312 27.7000122070312 30.760009765625 30.760009765625 33.989990234375 33.989990234375 31.6800231933594 31.6800231933594 1.8800048828125 1.8800048828125 27.3300170898438 27.3300170898438 30.3699951171875 30.3699951171875 1.260009765625 1.260009765625 27.8500061035156 27.8500061035156 21.7699890136719 21.7699890136719 14.1899719238281 14.1899719238281 18.3200073242188 18.3200073242188 16.5499877929688 16.5499877929688 21.1900024414062 21.1900024414062 11.75 11.75 9.6199951171875 9.6199951171875 9.52999877929688 9.52999877929688 3.8699951171875 3.8699951171875 9.41998291015625
22.1300048828125 4.73001098632812 4.73001098632812 19.0700073242188 19.0700073242188 24.3999938964844 24.3999938964844 0 0 28.8699951171875 28.8699951171875 15.1999816894531 15.1999816894531 27.4499816894531 27.4499816894531 27.7000122070312 27.7000122070312 30.760009765625 30.760009765625 33.989990234375 33.989990234375 31.6800231933594 31.6800231933594 1.8800048828125 1.8800048828125 27.3300170898438 27.3300170898438 30.3699951171875 30.3699951171875 1.260009765625 1.260009765625 27.8500061035156 27.8500061035156 21.7699890136719 21.7699890136719 14.1899719238281 14.1899719238281 18.3200073242188 18.3200073242188 16.5499877929688 16.5499877929688 21.1900024414062 21.1900024414062 11.75 11.75 9.6199951171875 9.6199951171875 9.52999877929688 9.52999877929688 3.8699951171875 3.8699951171875 9.41998291015625
