SensitivityAnalysis/input/A/tree-height.asc
NCOLS 300 
NROWS 300 
XLLCORNER 439110.00012207 
YLLCORNER 5645860.00012207 
CELLSIZE 5 
NODATA_value -3.4e+38 
[rows 0 to 22 of 300, columns 156 to 207 of 300]
0 0.07000732421875 0.07000732421875 0.02001953125 0.02001953125 0 0 5.05001831054688 5.05001831054688 22.1299743652344 22.1299743652344 20.8999938964844 20.8999938964844 21.6000061035156 21.6000061035156 21.5199890136719 21.5199890136719 0 0 0.540008544921875 0.540008544921875 0.029998779296875 0.029998779296875 0.010009765625 0.010009765625 0.04998779296875 0.04998779296875 0.029998779296875 0.029998779296875 0 0 0.029998779296875 0.029998779296875 0 0 0.089996337890625 0.089996337890625 0.050018310546875 0.050018310546875 0.1300048828125 0.1300048828125 0.05999755859375 0.05999755859375 0.040008544921875 0.040008544921875 0.08001708984375 0.08001708984375 0.029998779296875 0.029998779296875 0.019989013671875 0.019989013671875 0.04998779296875
0.010009765625 0.180023193359375 0.180023193359375 0.009979248046875 0.009979248046875 9.16000366210938 9.16000366210938 15.2200012207031 15.2200012207031 22.6400146484375 22.6400146484375 10.0299987792969 10.0299987792969 18.5500183105469 18.5500183105469 24.1700134277344 24.1700134277344 15.4900207519531 15.4900207519531 17.8599853515625 17.8599853515625 0.050018310546875 0.050018310546875 0.019989013671875 0.019989013671875 0.08001708984375 0.08001708984375 0.03997802734375 0.03997802734375 0 0 0.149993896484375 0.149993896484375 0 0 0.069976806640625 0.069976806640625 0 0 0 0 0 0 0 0 0.08001708984375 0.08001708984375 0 0 0 0 0
0.010009765625 0.180023193359375 0.180023193359375 0.009979248046875 0.009979248046875 9.16000366210938 9.16000366210938 15.2200012207031 15.2200012207031 22.6400146484375 22.6400146484375 10.0299987792969 10.0299987792969 18.5500183105469 18.5500183105469 24.1700134277344 24.1700134277344 15.4900207519531 15.4900207519531 17.8599853515625 17.8599853515625 0.050018310546875 0.050018310546875 0.019989013671875 0.019989013671875 0.08001708984375 0.08001708984375 0.03997802734375 0.03997802734375 0 0 0.149993896484375 0.149993896484375 0 0 0.069976806640625 0.069976806640625 0 0 0 0 0 0 0 0 0.08001708984375 0.08001708984375 0 0 0 0 0
12.7900085449219 19.9400024414062 19.9400024414062 8.58999633789062 8.58999633789062 23.9500122070312 23.9500122070312 19.4599914550781 19.4599914550781 22.1700134277344 22.1700134277344 23.4400024414062 23.4400024414062 23.9400024414062 23.9400024414062 23.0199890136719 23.0199890136719 12.8300170898438 12.8300170898438 0 0 0.089996337890625 0.089996337890625 0.02001953125 0.02001953125 0.07000732421875 0.07000732421875 0.04998779296875 0.04998779296875 0.069976806640625 0.069976806640625 0.1099853515625 0.1099853515625 0 0 0 0 0 0 0 0 0 0 0 0 0 0 0.010009765625 0.010009765625 0 0 0.029998779296875
12.7900085449219 19.9400024414062 19.9400024414062 8.58999633789062 8.58999633789062 23.9500122070312 23.9500122070312 19.4599914550781 19.4599914550781 22.1700134277344 22.1700134277344 23.4400024414062 23.4400024414062 23.9400024414062 23.9400024414062 23.0199890136719 23.0199890136719 12.8300170898438 12.8300170898438 0 0 0.089996337890625 0.089996337890625 0.02001953125 0.02001953125 0.07000732421875 0.07000732421875 0.04998779296875 0.04998779296875 0.069976806640625 0.069976806640625 0.1099853515625 0.1099853515625 0 0 0 0 0 0 0 0 0 0 0 0 0 0 0.010009765625 0.010009765625 0 0 0.029998779296875
20.1199951171875 14.3299865722656 14.3299865722656 23.4600219726562 23.4600219726562 21.4400024414062 21.4400024414062 23.6500244140625 23.6500244140625 22.6500244140625 22.6500244140625 21.6300048828125 21.6300048828125 14.8899841308594 14.8899841308594 15.9800109863281 15.9800109863281 3.28997802734375 3.28997802734375 0 0 0.180023193359375 0.180023193359375 1.07998657226562 1.07998657226562 0.20001220703125 0.20001220703125 0.1099853515625 0.1099853515625 0 0 0.02001953125 0.02001953125 0 0 0.170013427734375 0.170013427734375 0.010009765625 0.010009765625 0 0 0.04998779296875 0.04998779296875 0 0 0.04998779296875 0.04998779296875 0.08001708984375 0.08001708984375 0 0 0.019989013671875
20.1199951171875 14.3299865722656 14.3299865722656 23.4600219726562 23.4600219726562 21.4400024414062 21.4400024414062 23.6500244140625 23.6500244140625 22.6500244140625 22.6500244140625 21.6300048828125 21.6300048828125 14.8899841308594 14.8899841308594 15.9800109863281 15.9800109863281 3.28997802734375 3.28997802734375 0 0 0.180023193359375 0.180023193359375 1.07998657226562 1.07998657226562 0.20001220703125 0.20001220703125 0.1099853515625 0.1099853515625 0 0 0.02001953125 0.02001953125 0 0 0.170013427734375 0.170013427734375 0.010009765625 0.010009765625 0 0 0.04998779296875 0.04998779296875 0 0 0.04998779296875 0.04998779296875 0.08001708984375 0.08001708984375 0 0 0.019989013671875
21.9200134277344 17.9500122070312 17.9500122070312 18.9600219726562 18.9600219726562 27.4400024414062 27.4400024414062 20.8000183105469 20.8000183105469 15.760009765625 15.760009765625 26.1799926757812 26.1799926757812 19.52001953125 19.52001953125 21.6199951171875 21.6199951171875 0.1400146484375 0.1400146484375 0.010009765625 0.010009765625 0.050018310546875 0.050018310546875 0 0 0.110015869140625 0.110015869140625 0.010009765625 0.010009765625 0.010009765625 0.010009765625 0 0 0 0 0.03997802734375 0.03997802734375 0 0 0 0 0 0 0 0 0.05999755859375 0.05999755859375 0.009979248046875 0.009979248046875 0 0 0
21.9200134277344 17.9500122070312 17.9500122070312 18.9600219726562 18.9600219726562 27.4400024414062 27.4400024414062 20.8000183105469 20.8000183105469 15.760009765625 15.760009765625 26.1799926757812 26.1799926757812 19.52001953125 19.52001953125 21.6199951171875 21.6199951171875 0.1400146484375 0.1400146484375 0.010009765625 0.010009765625 0.050018310546875 0.050018310546875 0 0 0.110015869140625 0.110015869140625 0.010009765625 0.010009765625 0.010009765625 0.010009765625 0 0 0 0 0.03997802734375 0.03997802734375 0 0 0 0 0 0 0 0 0.05999755859375 0.05999755859375 0.009979248046875 0.009979248046875 0 0 0
24.0499877929688 22.5899963378906 22.5899963378906 23.1699829101562 23.1699829101562 23.8200073242188 23.8200073242188 24.0499877929688 24.0499877929688 25.2200012207031 25.2200012207031 23.1600036621094 23.1600036621094 0 0 0.1300048828125 0.1300048828125 0.040008544921875 0.040008544921875 0 0 0.060028076171875 0.060028076171875 0 0 0 0 0.010009765625 0.010009765625 0.010009765625 0.010009765625 0.050018310546875 0.050018310546875 0.010009765625 0.010009765625 0 0 0.160003662109375 0.160003662109375 0.16998291015625 0.16998291015625 0.199981689453125 0.199981689453125 0.019989013671875 0.019989013671875 0.1300048828125 0.1300048828125 0.170013427734375 0.170013427734375 0 0 0.04998779296875
24.0499877929688 22.5899963378906 22.5899963378906 23.1699829101562 23.1699829101562 23.8200073242188 23.8200073242188 24.0499877929688 24.0499877929688 25.2200012207031 25.2200012207031 23.1600036621094 23.1600036621094 0 0 0.1300048828125 0.1300048828125 0.040008544921875 0.040008544921875 0 0 0.060028076171875 0.060028076171875 0 0 0 0 0.010009765625 0.010009765625 0.010009765625 0.010009765625 0.050018310546875 0.050018310546875 0.010009765625 0.010009765625 0 0 0.160003662109375 0.160003662109375 0.16998291015625 0.16998291015625 0.199981689453125 0.199981689453125 0.019989013671875 0.019989013671875 0.1300048828125 0.1300048828125 0.170013427734375 0.170013427734375 0 0 0.04998779296875
0.44000244140625 9.24002075195312 9.24002075195312 22.1099853515625 22.1099853515625 24.1300048828125 24.1300048828125 0.3699951171875 0.3699951171875 24.4300231933594 24.4300231933594 21.0599975585938 21.0599975585938 20.1499938964844 20.1499938964844 9.5999755859375 9.5999755859375 0 0 0 0 0.010009765625 0.010009765625 0.07000732421875 0.07000732421875 13.3399963378906 13.3399963378906 1.80999755859375 1.80999755859375 0 0 0 0 0 0 0 0 0 0 0 0 0.1300048828125 0.1300048828125 0 0 0.1300048828125 0.1300048828125 0.019989013671875 0.019989013671875 0 0 0.089996337890625
0.44000244140625 9.24002075195312 9.24002075195312 22.1099853515625 22.1099853515625 24.1300048828125 24.1300048828125 0.3699951171875 0.3699951171875 24.4300231933594 24.4300231933594 21.0599975585938 21.0599975585938 20.1499938964844 20.1499938964844 9.5999755859375 9.5999755859375 0 0 0 0 0.010009765625 0.010009765625 0.07000732421875 0.07000732421875 13.3399963378906 13.3399963378906 1.80999755859375 1.80999755859375 0 0 0 0 0 0 0 0 0 0 0 0 0.1300048828125 0.1300048828125 0 0 0.1300048828125 0.1300048828125 0.019989013671875 0.019989013671875 0 0 0.089996337890625
17.6700134277344 13.6300048828125 13.6300048828125 3.63998413085938 3.63998413085938 4.25997924804688 4.25997924804688 13.47998046875 13.47998046875 14.9200134277344 14.9200134277344 19.3699951171875 19.3699951171875 21.4400024414062 21.4400024414062 0 0 0.03997802734375 0.03997802734375 0.07000732421875 0.07000732421875 0 0 0.029998779296875 0.029998779296875 7.02999877929688 7.02999877929688 0 0 0 0 0 0 0 0 0 0 0 0 0 0 0 0 0 0 0 0 0 0 0 0 0
17.6700134277344 13.6300048828125 13.6300048828125 3.63998413085938 3.63998413085938 4.25997924804688 4.25997924804688 13.47998046875 13.47998046875 14.9200134277344 14.9200134277344 19.3699951171875 19.3699951171875 21.4400024414062 21.4400024414062 0 0 0.03997802734375 0.03997802734375 0.07000732421875 0.07000732421875 0 0 0.029998779296875 0.029998779296875 7.02999877929688 7.02999877929688 0 0 0 0 0 0 0 0 0 0 0 0 0 0 0 0 0 0 0 0 0 0 0 0 0
5.47000122070312 12.4599914550781 12.4599914550781 6.76998901367188 6.76998901367188 10.489990234375 10.489990234375 2.27001953125 2.27001953125 0.360015869140625 0.360015869140625 20.489990234375 20.489990234375 22.2699890136719 22.2699890136719 22.4100036621094 22.4100036621094 0 0 0 0 0 0 0 0 0 0 0 0 0.1500244140625 0.1500244140625 0 0 0 0 0 0 0 0 0.1300048828125 0.1300048828125 0 0 0.029998779296875 0.029998779296875 0 0 0 0 0.019989013671875 0.019989013671875 0.490020751953125
5.47000122070312 12.4599914550781 12.4599914550781 6.76998901367188 6.76998901367188 10.489990234375 10.489990234375 2.27001953125 2.27001953125 0.360015869140625 0.360015869140625 20.489990234375 20.489990234375 22.2699890136719 22.2699890136719 22.4100036621094 22.4100036621094 0 0 0 0 0 0 0 0 0 0 0 0 0.1500244140625 0.1500244140625 0 0 0 0 0 0 0 0 0.1300048828125 0.1300048828125 0 0 0.029998779296875 0.029998779296875 0 0 0 0 0.019989013671875 0.019989013671875 0.490020751953125
29.3500061035156 0.509979248046875 0.509979248046875 7.12002563476562 7.12002563476562 0 0 0 0 0 0 0.100006103515625 0.100006103515625 15.739990234375 15.739990234375 19.6800231933594 19.6800231933594 12.1199951171875 12.1199951171875 9.60000610351562 9.60000610351562 0 0 6.39999389648438 6.39999389648438 14.3299865722656 14.3299865722656 9.02001953125 9.02001953125 12.3599853515625 12.3599853515625 9.66998291015625 9.66998291015625 16.6700134277344 16.6700134277344 4.27999877929688 4.27999877929688 6.02999877929688 6.02999877929688 9.77001953125 9.77001953125 1.31997680664062 1.31997680664062 0.44000244140625 0.44000244140625 15.4300231933594 15.4300231933594 0.010009765625 0.010009765625 0 0 0
29.3500061035156 0.509979248046875 0.509979248046875 7.12002563476562 7.12002563476562 0 0 0 0 0 0 0.100006103515625 0.100006103515625 15.739990234375 15.739990234375 19.6800231933594 19.6800231933594 12.1199951171875 12.1199951171875 9.60000610351562 9.60000610351562 0 0 6.39999389648438 6.39999389648438 14.3299865722656 14.3299865722656 9.02001953125 9.02001953125 12.3599853515625 12.3599853515625 9.66998291015625 9.66998291015625 16.6700134277344 16.6700134277344 4.27999877929688 4.27999877929688 6.02999877929688 6.02999877929688 9.77001953125 9.77001953125 1.31997680664062 1.31997680664062 0.44000244140625 0.44000244140625 15.4300231933594 15.4300231933594 0.010009765625 0.010009765625 0 0 0
22.3100280761719 5.29000854492188 5.29000854492188 7 7 5.35000610351562 5.35000610351562 6.41998291015625 6.41998291015625 1.82000732421875 1.82000732421875 1.54000854492188 1.54000854492188 5.78997802734375 5.78997802734375 2.29998779296875 2.29998779296875 12.6799926757812 12.6799926757812 3.510009765625 3.510009765625 5.48001098632812 5.48001098632812 4.8800048828125 4.8800048828125 5.88998413085938 5.88998413085938 6.45999145507812 6.45999145507812 6.27999877929688 6.27999877929688 3.80999755859375 3.80999755859375 6.71002197265625 6.71002197265625 6.02999877929688 6.02999877929688 6.8699951171875 6.8699951171875 9.20999145507812 9.20999145507812 2.72998046875 2.72998046875 8.69998168945312 8.69998168945312 5.36001586914062 5.36001586914062 0 0 0.029998779296875 0.029998779296875 0
22.3100280761719 5.29000854492188 5.29000854492188 7 7 5.35000610351562 5.35000610351562 6.41998291015625 6.41998291015625 1.82000732421875 1.82000732421875 1.54000854492188 1.54000854492188 5.78997802734375 5.78997802734375 2.29998779296875 2.29998779296875 12.6799926757812 12.6799926757812 3.510009765625 3.510009765625 5.48001098632812 5.48001098632812 4.8800048828125 4.8800048828125 5.88998413085938 5.88998413085938 6.45999145507812 6.45999145507812 6.27999877929688 6.27999877929688 3.80999755859375 3.80999755859375 6.71002197265625 6.71002197265625 6.02999877929688 6.02999877929688 6.8699951171875 6.8699951171875 9.20999145507812 9.20999145507812 2.72998046875 2.72998046875 8.69998168945312 8.69998168945312 5.36001586914062 5.36001586914062 0 0 0.029998779296875 0.029998779296875 0
19.8999938964844 6.97000122070312 6.97000122070312 6.27999877929688 6.27999877929688 5.95001220703125 5.95001220703125 5.57998657226562 5.57998657226562 5.8900146484375 5.8900146484375 7.94000244140625 7.94000244140625 7.12997436523438 7.12997436523438 6.3800048828125 6.3800048828125 5.35000610351562 5.35000610351562 7.83999633789062 7.83999633789062 7.66000366210938 7.66000366210938 5.75 5.75 6.8699951171875 6.8699951171875 7.30001831054688 7.30001831054688 6.8699951171875 6.8699951171875 7.30999755859375 7.30999755859375 6.69000244140625 6.69000244140625 4.3599853515625 4.3599853515625 10.1999816894531 10.1999816894531 8.52001953125 8.52001953125 20.7200012207031 20.7200012207031 0.1400146484375 0.1400146484375 0 0 0 0 0.019989013671875 0.019989013671875 0
19.8999938964844 6.97000122070312 6.97000122070312 6.27999877929688 6.27999877929688 5.95001220703125 5.95001220703125 5.57998657226562 5.57998657226562 5.8900146484375 5.8900146484375 7.94000244140625 7.94000244140625 7.12997436523438 7.12997436523438 6.3800048828125 6.3800048828125 5.35000610351562 5.35000610351562 7.83999633789062 7.83999633789062 7.66000366210938 7.66000366210938 5.75 5.75 6.8699951171875 6.8699951171875 7.30001831054688 7.30001831054688 6.8699951171875 6.8699951171875 7.30999755859375 7.30999755859375 6.69000244140625 6.69000244140625 4.3599853515625 4.3599853515625 10.1999816894531 10.1999816894531 8.52001953125 8.52001953125 20.7200012207031 20.7200012207031 0.1400146484375 0.1400146484375 0 0 0 0 0.019989013671875 0.019989013671875 0
