Application/input/C/tree-height.asc
NCOLS 200 
NROWS 200 
XLLCORNER 452350.00012207 
YLLCORNER 5641505.00012207 
CELLSIZE 5 
NODATA_value -3.4e+38 
[rows 176 to 197 of 200, columns 0 to 48 of 200]
2.8800048828125 20.7400207519531 20.7400207519531 17.8699951171875 17.8699951171875 23.5900268554688 23.5900268554688 25.0199890136719 25.0199890136719 24.4300231933594 24.4300231933594 26.6400146484375 26.6400146484375 23.8999938964844 23.8999938964844 22.760009765625 22.760009765625 19.3999938964844 19.3999938964844 24.6100158691406 24.6100158691406 12.2599792480469 12.2599792480469 19.6200256347656 19.6200256347656 20.2599792480469 20.2599792480469 8.77999877929688 8.77999877929688 13.0599975585938 13.0599975585938 20.3800048828125 20.3800048828125 11.6700134277344 11.6700134277344 12.5099792480469 12.5099792480469 19.8900146484375 19.8900146484375 1.70999145507812 1.70999145507812 4.27001953125 4.27001953125 18.9200134277344 18.9200134277344 5.05001831054688 5.05001831054688 21.4900207519531 21.4900207519531
2.8800048828125 20.7400207519531 20.7400207519531 17.8699951171875 17.8699951171875 23.5900268554688 23.5900268554688 25.0199890136719 25.0199890136719 24.4300231933594 24.4300231933594 26.6400146484375 26.6400146484375 23.8999938964844 23.8999938964844 22.760009765625 22.760009765625 19.3999938964844 19.3999938964844 24.6100158691406 24.6100158691406 12.2599792480469 12.2599792480469 19.6200256347656 19.6200256347656 20.2599792480469 20.2599792480469 8.77999877929688 8.77999877929688 13.0599975585938 13.0599975585938 20.3800048828125 20.3800048828125 11.6700134277344 11.6700134277344 12.5099792480469 12.5099792480469 19.8900146484375 19.8900146484375 1.70999145507812 1.70999145507812 4.27001953125 4.27001953125 18.9200134277344 18.9200134277344 5.05001831054688 5.05001831054688 21.4900207519531 21.4900207519531
22.6000061035156 30.260009765625 30.260009765625 16.9500122070312 16.9500122070312 15.3599853515625 15.3599853515625 23.760009765625 23.760009765625 25.25 25.25 20.7000122070312 20.7000122070312 24.1499938964844 24.1499938964844 24.2400207519531 24.2400207519531 19.9100036621094 19.9100036621094 25.1000061035156 25.1000061035156 26.1299743652344 26.1299743652344 21.3200073242188 21.3200073242188 17.8900146484375 17.8900146484375 18.1900024414062 18.1900024414062 22.260009765625 22.260009765625 3.66000366210938 3.66000366210938 12.5399780273438 12.5399780273438 23.4599914550781 23.4599914550781 15.6199951171875 15.6199951171875 24.1699829101562 24.1699829101562 18.0599975585938 18.0599975585938 19.1900024414062 19.1900024414062 18.4700012207031 18.4700012207031 17.47998046875 17.47998046875
22.6000061035156 30.260009765625 30.260009765625 16.9500122070312 16.9500122070312 15.3599853515625 15.3599853515625 23.760009765625 23.760009765625 25.25 25.25 20.7000122070312 20.7000122070312 24.1499938964844 24.1499938964844 24.2400207519531 24.2400207519531 19.9100036621094 19.9100036621094 25.1000061035156 25.1000061035156 26.1299743652344 26.1299743652344 21.3200073242188 21.3200073242188 17.8900146484375 17.8900146484375 18.1900024414062 18.1900024414062 22.260009765625 22.260009765625 3.66000366210938 3.66000366210938 12.5399780273438 12.5399780273438 23.4599914550781 23.4599914550781 15.6199951171875 15.6199951171875 24.1699829101562 24.1699829101562 18.0599975585938 18.0599975585938 19.1900024414062 19.1900024414062 18.4700012207031 18.4700012207031 17.47998046875 17.47998046875
28.5700073242188 6.29000854492188 6.29000854492188 18.010009765625 18.010009765625 21.25 21.25 22.5999755859375 22.5999755859375 20.7100219726562 20.7100219726562 22.3999938964844 22.3999938964844 15.22998046875 15.22998046875 24.0999755859375 24.0999755859375 21.1500244140625 21.1500244140625 14.3899841308594 14.3899841308594 2.010009765625 2.010009765625 16.9400024414062 16.9400024414062 18.8600158691406 18.8600158691406 10.8200073242188 10.8200073242188 20.5399780273438 20.5399780273438 8.66000366210938 8.66000366210938 23.3200073242188 23.3200073242188 11.52001953125 11.52001953125 22.6100158691406 22.6100158691406 23.1000061035156 23.1000061035156 19.3600158691406 19.3600158691406 22.5299987792969 22.5299987792969 19.5400085449219 19.5400085449219 10.2100219726562 10.2100219726562
28.5700073242188 6.29000854492188 6.29000854492188 18.010009765625 18.010009765625 21.25 21.25 22.5999755859375 22.5999755859375 20.7100219726562 20.7100219726562 22.3999938964844 22.3999938964844 15.22998046875 15.22998046875 24.0999755859375 24.0999755859375 21.1500244140625 21.1500244140625 14.3899841308594 14.3899841308594 2.010009765625 2.010009765625 16.9400024414062 16.9400024414062 18.8600158691406 18.8600158691406 10.8200073242188 10.8200073242188 20.5399780273438 20.5399780273438 8.66000366210938 8.66000366210938 23.3200073242188 23.3200073242188 11.52001953125 11.52001953125 22.6100158691406 22.6100158691406 23.1000061035156 23.1000061035156 19.3600158691406 19.3600158691406 22.5299987792969 22.5299987792969 19.5400085449219 19.5400085449219 10.2100219726562 10.2100219726562
24.6300048828125 24.0899963378906 24.0899963378906 23.4199829101562 23.4199829101562 10.0799865722656 10.0799865722656 24.1600036621094 24.1600036621094 21.0599975585938 21.0599975585938 20.8099975585938 20.8099975585938 23.0700073242188 23.0700073242188 27.0400085449219 27.0400085449219 24.3399963378906 24.3399963378906 17.27001953125 17.27001953125 17.6499938964844 17.6499938964844 7.40997314453125 7.40997314453125 22.0899963378906 22.0899963378906 24.72998046875 24.72998046875 6.15997314453125 6.15997314453125 23.3300170898438 23.3300170898438 21.3299865722656 21.3299865722656 19 19 24.3999938964844 24.3999938964844 24.8300170898438 24.8300170898438 22.1799926757812 22.1799926757812 22.3599853515625 22.3599853515625 11.8599853515625 11.8599853515625 16.3600158691406 16.3600158691406
24.6300048828125 24.0899963378906 24.0899963378906 23.4199829101562 23.4199829101562 10.0799865722656 10.0799865722656 24.1600036621094 24.1600036621094 21.0599975585938 21.0599975585938 20.8099975585938 20.8099975585938 23.0700073242188 23.0700073242188 27.0400085449219 27.0400085449219 24.3399963378906 24.3399963378906 17.27001953125 17.27001953125 17.6499938964844 17.6499938964844 7.40997314453125 7.40997314453125 22.0899963378906 22.0899963378906 24.72998046875 24.72998046875 6.15997314453125 6.15997314453125 23.3300170898438 23.3300170898438 21.3299865722656 21.3299865722656 19 19 24.3999938964844 24.3999938964844 24.8300170898438 24.8300170898438 22.1799926757812 22.1799926757812 22.3599853515625 22.3599853515625 11.8599853515625 11.8599853515625 16.3600158691406 16.3600158691406
22.6000061035156 26.0899963378906 26.0899963378906 18.8099975585938 18.8099975585938 21.8500061035156 21.8500061035156 8.8699951171875 8.8699951171875 22.3599853515625 22.3599853515625 29.6300048828125 29.6300048828125 22.75 22.75 19.5 19.5 27.4700012207031 27.4700012207031 18.989990234375 18.989990234375 15.2000122070312 15.2000122070312 24.010009765625 24.010009765625 20.2400207519531 20.2400207519531 23.7900085449219 23.7900085449219 22.4299926757812 22.4299926757812 25.0499877929688 25.0499877929688 26.1700134277344 26.1700134277344 22.0599975585938 22.0599975585938 0.54998779296875 0.54998779296875 18.8899841308594 18.8899841308594 24.3599853515625 24.3599853515625 2.89999389648438 2.89999389648438 28.3699951171875 28.3699951171875 22.0500183105469 22.0500183105469
22.6000061035156 26.0899963378906 26.0899963378906 18.8099975585938 18.8099975585938 21.8500061035156 21.8500061035156 8.8699951171875 8.8699951171875 22.3599853515625 22.3599853515625 29.6300048828125 29.6300048828125 22.75 22.75 19.5 19.5 27.4700012207031 27.4700012207031 18.989990234375 18.989990234375 15.2000122070312 15.2000122070312 24.010009765625 24.010009765625 20.2400207519531 20.2400207519531 23.7900085449219 23.7900085449219 22.4299926757812 22.4299926757812 25.0499877929688 25.0499877929688 26.1700134277344 26.1700134277344 22.0599975585938 22.0599975585938 0.54998779296875 0.54998779296875 18.8899841308594 18.8899841308594 24.3599853515625 24.3599853515625 2.89999389648438 2.89999389648438 28.3699951171875 28.3699951171875 22.0500183105469 22.0500183105469
24.4199829101562 16.3800048828125 16.3800048828125 26.0599975585938 26.0599975585938 26.3399963378906 26.3399963378906 17.9700012207031 17.9700012207031 26.5899963378906 26.5899963378906 23.9400024414062 23.9400024414062 24.7799987792969 24.7799987792969 24.1300048828125 24.1300048828125 0.8699951171875 0.8699951171875 4.93002319335938 4.93002319335938 20.3500061035156 20.3500061035156 25.9700012207031 25.9700012207031 22.8900146484375 22.8900146484375 18.1499938964844 18.1499938964844 10.9400024414062 10.9400024414062 21.7900085449219 21.7900085449219 15.8599853515625 15.8599853515625 9.79000854492188 9.79000854492188 14.5599975585938 14.5599975585938 19 19 28.7900085449219 28.7900085449219 23.7999877929688 23.7999877929688 25.489990234375 25.489990234375 13.97998046875 13.97998046875
24.4199829101562 16.3800048828125 16.3800048828125 26.0599975585938 26.0599975585938 26.3399963378906 26.3399963378906 17.9700012207031 17.9700012207031 26.5899963378906 26.5899963378906 23.9400024414062 23.9400024414062 24.7799987792969 24.7799987792969 24.1300048828125 24.1300048828125 0.8699951171875 0.8699951171875 4.93002319335938 4.93002319335938 20.3500061035156 20.3500061035156 25.9700012207031 25.9700012207031 22.8900146484375 22.8900146484375 18.1499938964844 18.1499938964844 10.9400024414062 10.9400024414062 21.7900085449219 21.7900085449219 15.8599853515625 15.8599853515625 9.79000854492188 9.79000854492188 14.5599975585938 14.5599975585938 19 19 28.7900085449219 28.7900085449219 23.7999877929688 23.7999877929688 25.489990234375 25.489990234375 13.97998046875 13.97998046875
34.3299865722656 17.4700012207031 17.4700012207031 29.4200134277344 29.4200134277344 19.3099975585938 19.3099975585938 23.6400146484375 23.6400146484375 0.05999755859375 0.05999755859375 31.3400268554688 31.3400268554688 0.44000244140625 0.44000244140625 21.77001953125 21.77001953125 24.989990234375 24.989990234375 12.5599975585938 12.5599975585938 6.45001220703125 6.45001220703125 22.260009765625 22.260009765625 18.8399963378906 18.8399963378906 2.67001342773438 2.67001342773438 24.4500122070312 24.4500122070312 23.22998046875 23.22998046875 19.3899841308594 19.3899841308594 19.3299865722656 19.3299865722656 13.9800109863281 13.9800109863281 21.97998046875 21.97998046875 20.7599792480469 20.7599792480469 10.3600158691406 10.3600158691406 29.4500122070312 29.4500122070312 23.6099853515625 23.6099853515625
34.3299865722656 17.4700012207031 17.4700012207031 29.4200134277344 29.4200134277344 19.3099975585938 19.3099975585938 23.6400146484375 23.6400146484375 0.05999755859375 0.05999755859375 31.3400268554688 31.3400268554688 0.44000244140625 0.44000244140625 21.77001953125 21.77001953125 24.989990234375 24.989990234375 12.5599975585938 12.5599975585938 6.45001220703125 6.45001220703125 22.260009765625 22.260009765625 18.8399963378906 18.8399963378906 2.67001342773438 2.67001342773438 24.4500122070312 24.4500122070312 23.22998046875 23.22998046875 19.3899841308594 19.3899841308594 19.3299865722656 19.3299865722656 13.9800109863281 13.9800109863281 21.97998046875 21.97998046875 20.7599792480469 20.7599792480469 10.3600158691406 10.3600158691406 29.4500122070312 29.4500122070312 23.6099853515625 23.6099853515625
23.0400085449219 23.9100036621094 23.9100036621094 25.8499755859375 25.8499755859375 27.7200012207031 27.7200012207031 25.7200012207031 25.7200012207031 18.9400024414062 18.9400024414062 20.1799926757812 20.1799926757812 24.6000061035156 24.6000061035156 21.0800170898438 21.0800170898438 26.2999877929688 26.2999877929688 20.5700073242188 20.5700073242188 22.8500061035156 22.8500061035156 21.6400146484375 21.6400146484375 21.8199768066406 21.8199768066406 26.0299987792969 26.0299987792969 24.3200073242188 24.3200073242188 20.47998046875 20.47998046875 24.1100158691406 24.1100158691406 24.75 24.75 6.75997924804688 6.75997924804688 22.0899963378906 22.0899963378906 22.4100036621094 22.4100036621094 23.2200012207031 23.2200012207031 26.9499816894531 26.9499816894531 27.3000183105469 27.3000183105469
23.0400085449219 23.9100036621094 23.9100036621094 25.8499755859375 25.8499755859375 27.7200012207031 27.7200012207031 25.7200012207031 25.7200012207031 18.9400024414062 18.9400024414062 20.1799926757812 20.1799926757812 24.6000061035156 24.6000061035156 21.0800170898438 21.0800170898438 26.2999877929688 26.2999877929688 20.5700073242188 20.5700073242188 22.8500061035156 22.8500061035156 21.6400146484375 21.6400146484375 21.8199768066406 21.8199768066406 26.0299987792969 26.0299987792969 24.3200073242188 24.3200073242188 20.47998046875 20.47998046875 24.1100158691406 24.1100158691406 24.75 24.75 6.75997924804688 6.75997924804688 22.0899963378906 22.0899963378906 22.4100036621094 22.4100036621094 23.2200012207031 23.2200012207031 26.9499816894531 26.9499816894531 27.3000183105469 27.3000183105469
22.3699951171875 20.9300231933594 20.9300231933594 26.239990234375 26.239990234375 22.9000244140625 22.9000244140625 22.72998046875 22.72998046875 18.2799987792969 18.2799987792969 9.28997802734375 9.28997802734375 0.649993896484375 0.649993896484375 21.8599853515625 21.8599853515625 19.4599914550781 19.4599914550781 25.0599975585938 25.0599975585938 17.4100036621094 17.4100036621094 19.1099853515625 19.1099853515625 26.0400085449219 26.0400085449219 17.4400024414062 17.4400024414062 25.8699951171875 25.8699951171875 21.7099914550781 21.7099914550781 10.3500061035156 10.3500061035156 25.4199829101562 25.4199829101562 28.7100219726562 28.7100219726562 22.2099914550781 22.2099914550781 29.22998046875 29.22998046875 20.1999816894531 20.1999816894531 25.9399719238281 25.9399719238281 17.0799865722656 17.0799865722656
22.3699951171875 20.9300231933594 20.9300231933594 26.239990234375 26.239990234375 22.9000244140625 22.9000244140625 22.72998046875 22.72998046875 18.2799987792969 18.2799987792969 9.28997802734375 9.28997802734375 0.649993896484375 0.649993896484375 21.8599853515625 21.8599853515625 19.4599914550781 19.4599914550781 25.0599975585938 25.0599975585938 17.4100036621094 17.4100036621094 19.1099853515625 19.1099853515625 26.0400085449219 26.0400085449219 17.4400024414062 17.4400024414062 25.8699951171875 25.8699951171875 21.7099914550781 21.7099914550781 10.3500061035156 10.3500061035156 25.4199829101562 25.4199829101562 28.7100219726562 28.7100219726562 22.2099914550781 22.2099914550781 29.22998046875 29.22998046875 20.1999816894531 20.1999816894531 25.9399719238281 25.9399719238281 17.0799865722656 17.0799865722656
5.82998657226562 22.2999877929688 22.2999877929688 24.8599853515625 24.8599853515625 28.6000061035156 28.6000061035156 26.7900085449219 26.7900085449219 25.02001953125 25.02001953125 27.8999938964844 27.8999938964844 19.4400024414062 19.4400024414062 20.9700012207031 20.9700012207031 18.3699951171875 18.3699951171875 23.8900146484375 23.8900146484375 8.22998046875 8.22998046875 6.29000854492188 6.29000854492188 23.3500061035156 23.3500061035156 27.2900085449219 27.2900085449219 7.56997680664062 7.56997680664062 13.6300048828125 13.6300048828125 12.6699829101562 12.6699829101562 26.6499938964844 26.6499938964844 23.1600036621094 23.1600036621094 11.7799987792969 11.7799987792969 23.7300109863281 23.7300109863281 0.139984130859375 0.139984130859375 16.6099853515625 16.6099853515625 18.9900207519531 18.9900207519531
5.82998657226562 22.2999877929688 22.2999877929688 24.8599853515625 24.8599853515625 28.6000061035156 28.6000061035156 26.7900085449219 26.7900085449219 25.02001953125 25.02001953125 27.8999938964844 27.8999938964844 19.4400024414062 19.4400024414062 20.9700012207031 20.9700012207031 18.3699951171875 18.3699951171875 23.8900146484375 23.8900146484375 8.22998046875 8.22998046875 6.29000854492188 6.29000854492188 23.3500061035156 23.3500061035156 27.2900085449219 27.2900085449219 7.56997680664062 7.56997680664062 13.6300048828125 13.6300048828125 12.6699829101562 12.6699829101562 26.6499938964844 26.6499938964844 23.1600036621094 23.1600036621094 11.7799987792969 11.7799987792969 23.7300109863281 23.7300109863281 0.139984130859375 0.139984130859375 16.6099853515625 16.6099853515625 18.9900207519531 18.9900207519531
23.1400146484375 17.6999816894531 17.6999816894531 20.3299865722656 20.3299865722656 28.8799743652344 28.8799743652344 26.5 26.5 8.35000610351562 8.35000610351562 23.5799865722656 23.5799865722656 20.780029296875 20.780029296875 25.260009765625 25.260009765625 18.72998046875 18.72998046875 27.4100036621094 27.4100036621094 23.6700134277344 23.6700134277344 24.9599914550781 24.9599914550781 21.9299926757812 21.9299926757812 23.3399963378906 23.3399963378906 23.4499816894531 23.4499816894531 22.1199951171875 22.1199951171875 16.2300109863281 16.2300109863281 17.1600036621094 17.1600036621094 20.1600036621094 20.1600036621094 26 26 0.170013427734375 0.170013427734375 0.75 0.75 0.040008544921875 0.040008544921875 0.290008544921875 0.290008544921875
23.1400146484375 17.6999816894531 17.6999816894531 20.3299865722656 20.3299865722656 28.8799743652344 28.8799743652344 26.5 26.5 8.35000610351562 8.35000610351562 23.5799865722656 23.5799865722656 20.780029296875 20.780029296875 25.260009765625 25.260009765625 18.72998046875 18.72998046875 27.4100036621094 27.4100036621094 23.6700134277344 23.6700134277344 24.9599914550781 24.9599914550781 21.9299926757812 21.9299926757812 23.3399963378906 23.3399963378906 23.4499816894531 23.4499816894531 22.1199951171875 22.1199951171875 16.2300109863281 16.2300109863281 17.1600036621094 17.1600036621094 20.1600036621094 20.1600036621094 26 26 0.170013427734375 0.170013427734375 0.75 0.75 0.040008544921875 0.040008544921875 0.290008544921875 0.290008544921875
