Application/input/C/tree-height.asc
NCOLS 200 
NROWS 200 
XLLCORNER 452350.00012207 
YLLCORNER 5641505.00012207 
CELLSIZE 5 
NODATA_value -3.4e+38 
[rows 66 to 87 of 200, columns 147 to 195 of 200]
0 0 0.1199951171875 0.1199951171875 0.040008544921875 0.040008544921875 0 0 0.04998779296875 0.04998779296875 0 0 0.05999755859375 0.05999755859375 0.029998779296875 0.029998779296875 0.100006103515625 0.100006103515625 0.010009765625 0.010009765625 0 0 0 0 0 0 0.420013427734375 0.420013427734375 11.4600219726562 11.4600219726562 0.009979248046875 0.009979248046875 0 0 0 0 0.009979248046875 0.009979248046875 0 0 0.019989013671875 0.019989013671875 0.010009765625 0.010009765625 0 0 0 0 0
0 0 0.1199951171875 0.1199951171875 0.040008544921875 0.040008544921875 0 0 0.04998779296875 0.04998779296875 0 0 0.05999755859375 0.05999755859375 0.029998779296875 0.029998779296875 0.100006103515625 0.100006103515625 0.010009765625 0.010009765625 0 0 0 0 0 0 0.420013427734375 0.420013427734375 11.4600219726562 11.4600219726562 0.009979248046875 0.009979248046875 0 0 0 0 0.009979248046875 0.009979248046875 0 0 0.019989013671875 0.019989013671875 0.010009765625 0.010009765625 0 0 0 0 0
0 0 0.100006103515625 0.100006103515625 0.029998779296875 0.029998779296875 0 0 0.07000732421875 0.07000732421875 0 0 0.110015869140625 0.110015869140625 0.040008544921875 0.040008544921875 0.110015869140625 0.110015869140625 0.05999755859375 0.05999755859375 0.029998779296875 0.029998779296875 0.04998779296875 0.04998779296875 0.050018310546875 0.050018310546875 0.08001708984375 0.08001708984375 0.05999755859375 0.05999755859375 0.079986572265625 0.079986572265625 0.05999755859375 0.05999755859375 0.079986572265625 0.079986572265625 0.079986572265625 0.079986572265625 0.079986572265625 0.079986572265625 0 0 0.060028076171875 0.060028076171875 0.019989013671875 0.019989013671875 0.050018310546875 0.050018310546875 0.800018310546875
0 0 0.100006103515625 0.100006103515625 0.029998779296875 0.029998779296875 0 0 0.07000732421875 0.07000732421875 0 0 0.110015869140625 0.110015869140625 0.040008544921875 0.040008544921875 0.110015869140625 0.110015869140625 0.05999755859375 0.05999755859375 0.029998779296875 0.029998779296875 0.04998779296875 0.04998779296875 0.050018310546875 0.050018310546875 0.08001708984375 0.08001708984375 0.05999755859375 0.05999755859375 0.079986572265625 0.079986572265625 0.05999755859375 0.05999755859375 0.079986572265625 0.079986572265625 0.079986572265625 0.079986572265625 0.079986572265625 0.079986572265625 0 0 0.060028076171875 0.060028076171875 0.019989013671875 0.019989013671875 0.050018310546875 0.050018310546875 0.800018310546875
0.04998779296875 0.04998779296875 0.160003662109375 0.160003662109375 0.050018310546875 0.050018310546875 0 0 0.08001708984375 0.08001708984375 0 0 0.08001708984375 0.08001708984375 0.010009765625 0.010009765625 0.07000732421875 0.07000732421875 0.019989013671875 0.019989013671875 0 0 0.009979248046875 0.009979248046875 0 0 0 0 0 0 0 0 0 0 0 0 0 0 0 0 0 0 0 0 0 0 0.009979248046875 0.009979248046875 0
0.04998779296875 0.04998779296875 0.160003662109375 0.160003662109375 0.050018310546875 0.050018310546875 0 0 0.08001708984375 0.08001708984375 0 0 0.08001708984375 0.08001708984375 0.010009765625 0.010009765625 0.07000732421875 0.07000732421875 0.019989013671875 0.019989013671875 0 0 0.009979248046875 0.009979248046875 0 0 0 0 0 0 0 0 0 0 0 0 0 0 0 0 0 0 0 0 0 0 0.009979248046875 0.009979248046875 0
0 0 0.089996337890625 0.089996337890625 0.010009765625 0.010009765625 0 0 0.069976806640625 0.069976806640625 0 0 0.1400146484375 0.1400146484375 0.040008544921875 0.040008544921875 0.0999755859375 0.0999755859375 0.05999755859375 0.05999755859375 0.010009765625 0.010009765625 0.04998779296875 0.04998779296875 0.040008544921875 0.040008544921875 0.060028076171875 0.060028076171875 0.05999755859375 0.05999755859375 0.220001220703125 0.220001220703125 0.019989013671875 0.019989013671875 0.03997802734375 0.03997802734375 0.05999755859375 0.05999755859375 0.029998779296875 0.029998779296875 0 0 0.029998779296875 0.029998779296875 0.029998779296875 0.029998779296875 0.05999755859375 0.05999755859375 0.02001953125
0 0 0.089996337890625 0.089996337890625 0.010009765625 0.010009765625 0 0 0.069976806640625 0.069976806640625 0 0 0.1400146484375 0.1400146484375 0.040008544921875 0.040008544921875 0.0999755859375 0.0999755859375 0.05999755859375 0.05999755859375 0.010009765625 0.010009765625 0.04998779296875 0.04998779296875 0.040008544921875 0.040008544921875 0.060028076171875 0.060028076171875 0.05999755859375 0.05999755859375 0.220001220703125 0.220001220703125 0.019989013671875 0.019989013671875 0.03997802734375 0.03997802734375 0.05999755859375 0.05999755859375 0.029998779296875 0.029998779296875 0 0 0.029998779296875 0.029998779296875 0.029998779296875 0.029998779296875 0.05999755859375 0.05999755859375 0.02001953125
0 0 0.019989013671875 0.019989013671875 0 0 0 0 0.010009765625 0.010009765625 0 0 0.1199951171875 0.1199951171875 0.040008544921875 0.040008544921875 0.170013427734375 0.170013427734375 0.079986572265625 0.079986572265625 0 0 0.110015869140625 0.110015869140625 0.09002685546875 0.09002685546875 0.110015869140625 0.110015869140625 0.089996337890625 0.089996337890625 0.07000732421875 0.07000732421875 0.079986572265625 0.079986572265625 0.1400146484375 0.1400146484375 0.1199951171875 0.1199951171875 0.0999755859375 0.0999755859375 0.010009765625 0.010009765625 0.08001708984375 0.08001708984375 0.04998779296875 0.04998779296875 0.120025634765625 0.120025634765625 0.489990234375
0 0 0.019989013671875 0.019989013671875 0 0 0 0 0.010009765625 0.010009765625 0 0 0.1199951171875 0.1199951171875 0.040008544921875 0.040008544921875 0.170013427734375 0.170013427734375 0.079986572265625 0.079986572265625 0 0 0.110015869140625 0.110015869140625 0.09002685546875 0.09002685546875 0.110015869140625 0.110015869140625 0.089996337890625 0.089996337890625 0.07000732421875 0.07000732421875 0.079986572265625 0.079986572265625 0.1400146484375 0.1400146484375 0.1199951171875 0.1199951171875 0.0999755859375 0.0999755859375 0.010009765625 0.010009765625 0.08001708984375 0.08001708984375 0.04998779296875 0.04998779296875 0.120025634765625 0.120025634765625 0.489990234375
0 0 0.110015869140625 0.110015869140625 0.029998779296875 0.029998779296875 2.66998291015625 2.66998291015625 0.829986572265625 0.829986572265625 0.03997802734375 0.03997802734375 0.1199951171875 0.1199951171875 0.09002685546875 0.09002685546875 0.100006103515625 0.100006103515625 0.07000732421875 0.07000732421875 0 0 0.050018310546875 0.050018310546875 0.029998779296875 0.029998779296875 0.03997802734375 0.03997802734375 0.019989013671875 0.019989013671875 0 0 0 0 0 0 0 0 0 0 0.010009765625 0.010009765625 0 0 0.019989013671875 0.019989013671875 0.019989013671875 0.019989013671875 0.449981689453125
0 0 0.110015869140625 0.110015869140625 0.029998779296875 0.029998779296875 2.66998291015625 2.66998291015625 0.829986572265625 0.829986572265625 0.03997802734375 0.03997802734375 0.1199951171875 0.1199951171875 0.09002685546875 0.09002685546875 0.100006103515625 0.100006103515625 0.07000732421875 0.07000732421875 0 0 0.050018310546875 0.050018310546875 0.029998779296875 0.029998779296875 0.03997802734375 0.03997802734375 0.019989013671875 0.019989013671875 0 0 0 0 0 0 0 0 0 0 0.010009765625 0.010009765625 0 0 0.019989013671875 0.019989013671875 0.019989013671875 0.019989013671875 0.449981689453125
0 0 0.09002685546875 0.09002685546875 0.029998779296875 0.029998779296875 0 0 0.1199951171875 0.1199951171875 0 0 0.209991455078125 0.209991455078125 1.239990234375 1.239990234375 1.91998291015625 1.91998291015625 0.40997314453125 0.40997314453125 1.3599853515625 1.3599853515625 0.209991455078125 0.209991455078125 0.100006103515625 0.100006103515625 0.04998779296875 0.04998779296875 0.100006103515625 0.100006103515625 0.04998779296875 0.04998779296875 0.079986572265625 0.079986572265625 0.079986572265625 0.079986572265625 0.04998779296875 0.04998779296875 0.089996337890625 0.089996337890625 0 0 0.230010986328125 0.230010986328125 0.050018310546875 0.050018310546875 0.1199951171875 0.1199951171875 0.1199951171875
0 0 0.09002685546875 0.09002685546875 0.029998779296875 0.029998779296875 0 0 0.1199951171875 0.1199951171875 0 0 0.209991455078125 0.209991455078125 1.239990234375 1.239990234375 1.91998291015625 1.91998291015625 0.40997314453125 0.40997314453125 1.3599853515625 1.3599853515625 0.209991455078125 0.209991455078125 0.100006103515625 0.100006103515625 0.04998779296875 0.04998779296875 0.100006103515625 0.100006103515625 0.04998779296875 0.04998779296875 0.079986572265625 0.079986572265625 0.079986572265625 0.079986572265625 0.04998779296875 0.04998779296875 0.089996337890625 0.089996337890625 0 0 0.230010986328125 0.230010986328125 0.050018310546875 0.050018310546875 0.1199951171875 0.1199951171875 0.1199951171875
0.019989013671875 0.019989013671875 0.1300048828125 0.1300048828125 0.050018310546875 0.050018310546875 0 0 0.1199951171875 0.1199951171875 0 0 0.19000244140625 0.19000244140625 0.07000732421875 0.07000732421875 0.290008544921875 0.290008544921875 0.100006103515625 0.100006103515625 0 0 0.149993896484375 0.149993896484375 0.029998779296875 0.029998779296875 0.19000244140625 0.19000244140625 0.069976806640625 0.069976806640625 0 0 0.1099853515625 0.1099853515625 0 0 0 0 0.02001953125 0.02001953125 0 0 0 0 0 0 0.03997802734375 0.03997802734375 0
0.019989013671875 0.019989013671875 0.1300048828125 0.1300048828125 0.050018310546875 0.050018310546875 0 0 0.1199951171875 0.1199951171875 0 0 0.19000244140625 0.19000244140625 0.07000732421875 0.07000732421875 0.290008544921875 0.290008544921875 0.100006103515625 0.100006103515625 0 0 0.149993896484375 0.149993896484375 0.029998779296875 0.029998779296875 0.19000244140625 0.19000244140625 0.069976806640625 0.069976806640625 0 0 0.1099853515625 0.1099853515625 0 0 0 0 0.02001953125 0.02001953125 0 0 0 0 0 0 0.03997802734375 0.03997802734375 0
0 0 0.17999267578125 0.17999267578125 0.05999755859375 0.05999755859375 0.260009765625 0.260009765625 0.149993896484375 0.149993896484375 0.010009765625 0.010009765625 0.149993896484375 0.149993896484375 0.040008544921875 0.040008544921875 0.20001220703125 0.20001220703125 0.069976806640625 0.069976806640625 0 0 0.1400146484375 0.1400146484375 0.029998779296875 0.029998779296875 0.220001220703125 0.220001220703125 0.100006103515625 0.100006103515625 0 0 0.1199951171875 0.1199951171875 0.040008544921875 0.040008544921875 0.100006103515625 0.100006103515625 0.05999755859375 0.05999755859375 0.07000732421875 0.07000732421875 0.100006103515625 0.100006103515625 0.040008544921875 0.040008544921875 0.1099853515625 0.1099853515625 0.07000732421875
0 0 0.17999267578125 0.17999267578125 0.05999755859375 0.05999755859375 0.260009765625 0.260009765625 0.149993896484375 0.149993896484375 0.010009765625 0.010009765625 0.149993896484375 0.149993896484375 0.040008544921875 0.040008544921875 0.20001220703125 0.20001220703125 0.069976806640625 0.069976806640625 0 0 0.1400146484375 0.1400146484375 0.029998779296875 0.029998779296875 0.220001220703125 0.220001220703125 0.100006103515625 0.100006103515625 0 0 0.1199951171875 0.1199951171875 0.040008544921875 0.040008544921875 0.100006103515625 0.100006103515625 0.05999755859375 0.05999755859375 0.07000732421875 0.07000732421875 0.100006103515625 0.100006103515625 0.040008544921875 0.040008544921875 0.1099853515625 0.1099853515625 0.07000732421875
0.009979248046875 0.009979248046875 0.32000732421875 0.32000732421875 0.17999267578125 0.17999267578125 0.529998779296875 0.529998779296875 0.17999267578125 0.17999267578125 0.010009765625 0.010009765625 0.25 0.25 0 0 0.1099853515625 0.1099853515625 0.040008544921875 0.040008544921875 0 0 0.120025634765625 0.120025634765625 0.050018310546875 0.050018310546875 0.16998291015625 0.16998291015625 0.1199951171875 0.1199951171875 0 0 0.149993896484375 0.149993896484375 0.04998779296875 0.04998779296875 0.17999267578125 0.17999267578125 0.129974365234375 0.129974365234375 0.25 0.25 0.239990234375 0.239990234375 0.1199951171875 0.1199951171875 0.149993896484375 0.149993896484375 0.089996337890625
0.009979248046875 0.009979248046875 0.32000732421875 0.32000732421875 0.17999267578125 0.17999267578125 0.529998779296875 0.529998779296875 0.17999267578125 0.17999267578125 0.010009765625 0.010009765625 0.25 0.25 0 0 0.1099853515625 0.1099853515625 0.040008544921875 0.040008544921875 0 0 0.120025634765625 0.120025634765625 0.050018310546875 0.050018310546875 0.16998291015625 0.16998291015625 0.1199951171875 0.1199951171875 0 0 0.149993896484375 0.149993896484375 0.04998779296875 0.04998779296875 0.17999267578125 0.17999267578125 0.129974365234375 0.129974365234375 0.25 0.25 0.239990234375 0.239990234375 0.1199951171875 0.1199951171875 0.149993896484375 0.149993896484375 0.089996337890625
0.010009765625 0.010009765625 0.20001220703125 0.20001220703125 0.079986572265625 0.079986572265625 0.279998779296875 0.279998779296875 0.1400146484375 0.1400146484375 0 0 0.17999267578125 0.17999267578125 0.04998779296875 0.04998779296875 0.199981689453125 0.199981689453125 0.1199951171875 0.1199951171875 0 0 0.07000732421875 0.07000732421875 0.010009765625 0.010009765625 0.139984130859375 0.139984130859375 0.07000732421875 0.07000732421875 0 0 0.100006103515625 0.100006103515625 0.02001953125 0.02001953125 0.16998291015625 0.16998291015625 0.089996337890625 0.089996337890625 0.730010986328125 0.730010986328125 0.110015869140625 0.110015869140625 0.019989013671875 0.019989013671875 0.079986572265625 0.079986572265625 0.010009765625
0.010009765625 0.010009765625 0.20001220703125 0.20001220703125 0.079986572265625 0.079986572265625 0.279998779296875 0.279998779296875 0.1400146484375 0.1400146484375 0 0 0.17999267578125 0.17999267578125 0.04998779296875 0.04998779296875 0.199981689453125 0.199981689453125 0.1199951171875 0.1199951171875 0 0 0.07000732421875 0.07000732421875 0.010009765625 0.010009765625 0.139984130859375 0.139984130859375 0.07000732421875 0.07000732421875 0 0 0.100006103515625 0.100006103515625 0.02001953125 0.02001953125 0.16998291015625 0.16998291015625 0.089996337890625 0.089996337890625 0.730010986328125 0.730010986328125 0.110015869140625 0.110015869140625 0.019989013671875 0.019989013671875 0.079986572265625 0.079986572265625 0.010009765625
