Application/input/C/tree-height.asc
NCOLS 200 
NROWS 200 
XLLCORNER 452350.00012207 
YLLCORNER 5641505.00012207 
CELLSIZE 5 
NODATA_value -3.4e+38 
[rows 22 to 43 of 200, columns 0 to 48 of 200]
8.32000732421875 18.1600036621094 18.1600036621094 13.8200073242188 13.8200073242188 7.64999389648438 7.64999389648438 21.97998046875 21.97998046875 22.3699951171875 22.3699951171875 14.6999816894531 14.6999816894531 23.4400024414062 23.4400024414062 24.8200073242188 24.8200073242188 15.75 15.75 21.9300231933594 21.9300231933594 19.6099853515625 19.6099853515625 14.6600036621094 14.6600036621094 8.20001220703125 8.20001220703125 8.22000122070312 8.22000122070312 20.1499938964844 20.1499938964844 20.8200073242188 20.8200073242188 30.3900146484375 30.3900146484375 23.5500183105469 23.5500183105469 1.8900146484375 1.8900146484375 24.1199951171875 24.1199951171875 27.8300170898438 27.8300170898438 25.6499938964844 25.6499938964844 2.8699951171875 2.8699951171875 17.0499877929688 17.0499877929688
8.32000732421875 18.1600036621094 18.1600036621094 13.8200073242188 13.8200073242188 7.64999389648438 7.64999389648438 21.97998046875 21.97998046875 22.3699951171875 22.3699951171875 14.6999816894531 14.6999816894531 23.4400024414062 23.4400024414062 24.8200073242188 24.8200073242188 15.75 15.75 21.9300231933594 21.9300231933594 19.6099853515625 19.6099853515625 14.6600036621094 14.6600036621094 8.20001220703125 8.20001220703125 8.22000122070312 8.22000122070312 20.1499938964844 20.1499938964844 20.8200073242188 20.8200073242188 30.3900146484375 30.3900146484375 23.5500183105469 23.5500183105469 1.8900146484375 1.8900146484375 24.1199951171875 24.1199951171875 27.8300170898438 27.8300170898438 25.6499938964844 25.6499938964844 2.8699951171875 2.8699951171875 17.0499877929688 17.0499877929688
22.0499877929688 16.6199951171875 16.6199951171875 16.8600158691406 16.8600158691406 20.7799987792969 20.7799987792969 28.9700012207031 28.9700012207031 15.9100036621094 15.9100036621094 21.3800048828125 21.3800048828125 21.1700134277344 21.1700134277344 15.7400207519531 15.7400207519531 25.1800231933594 25.1800231933594 14.2699890136719 14.2699890136719 14.8800048828125 14.8800048828125 12.510009765625 12.510009765625 20.4700012207031 20.4700012207031 4.55999755859375 4.55999755859375 25.7200012207031 25.7200012207031 25.5299987792969 25.5299987792969 28.2000122070312 28.2000122070312 21.739990234375 21.739990234375 5.03997802734375 5.03997802734375 30.25 30.25 34.760009765625 34.760009765625 25.239990234375 25.239990234375 29.8699951171875 29.8699951171875 10.760009765625 10.760009765625
22.0499877929688 16.6199951171875 16.6199951171875 16.8600158691406 16.8600158691406 20.7799987792969 20.7799987792969 28.9700012207031 28.9700012207031 15.9100036621094 15.9100036621094 21.3800048828125 21.3800048828125 21.1700134277344 21.1700134277344 15.7400207519531 15.7400207519531 25.1800231933594 25.1800231933594 14.2699890136719 14.2699890136719 14.8800048828125 14.8800048828125 12.510009765625 12.510009765625 20.4700012207031 20.4700012207031 4.55999755859375 4.55999755859375 25.7200012207031 25.7200012207031 25.5299987792969 25.5299987792969 28.2000122070312 28.2000122070312 21.739990234375 21.739990234375 5.03997802734375 5.03997802734375 30.25 30.25 34.760009765625 34.760009765625 25.239990234375 25.239990234375 29.8699951171875 29.8699951171875 10.760009765625 10.760009765625
18.1199951171875 23.1399841308594 23.1399841308594 18.2200012207031 18.2200012207031 25.4199829101562 25.4199829101562 15.75 15.75 23.5599975585938 23.5599975585938 20.1000061035156 20.1000061035156 17.72998046875 17.72998046875 19.5 19.5 22.2699890136719 22.2699890136719 23.6000061035156 23.6000061035156 20.8500061035156 20.8500061035156 12.6199951171875 12.6199951171875 14.2799987792969 14.2799987792969 26.22998046875 26.22998046875 25.0700073242188 25.0700073242188 26.3500061035156 26.3500061035156 24.7100219726562 24.7100219726562 17.3900146484375 17.3900146484375 17.0899963378906 17.0899963378906 24.77001953125 24.77001953125 31.260009765625 31.260009765625 1.20999145507812 1.20999145507812 24.9499816894531 24.9499816894531 4.19000244140625 4.19000244140625
18.1199951171875 23.1399841308594 23.1399841308594 18.2200012207031 18.2200012207031 25.4199829101562 25.4199829101562 15.75 15.75 23.5599975585938 23.5599975585938 20.1000061035156 20.1000061035156 17.72998046875 17.72998046875 19.5 19.5 22.2699890136719 22.2699890136719 23.6000061035156 23.6000061035156 20.8500061035156 20.8500061035156 12.6199951171875 12.6199951171875 14.2799987792969 14.2799987792969 26.22998046875 26.22998046875 25.0700073242188 25.0700073242188 26.3500061035156 26.3500061035156 24.7100219726562 24.7100219726562 17.3900146484375 17.3900146484375 17.0899963378906 17.0899963378906 24.77001953125 24.77001953125 31.260009765625 31.260009765625 1.20999145507812 1.20999145507812 24.9499816894531 24.9499816894531 4.19000244140625 4.19000244140625
22.9700012207031 15.9400024414062 15.9400024414062 17 17 23.4500122070312 23.4500122070312 24.6700134277344 24.6700134277344 10.6900024414062 10.6900024414062 21.7999877929688 21.7999877929688 21.3800048828125 21.3800048828125 13.6600036621094 13.6600036621094 24.7099914550781 24.7099914550781 21.2100219726562 21.2100219726562 19.739990234375 19.739990234375 9.67001342773438 9.67001342773438 16.0400085449219 16.0400085449219 24.0299987792969 24.0299987792969 20.7099914550781 20.7099914550781 25.5599975585938 25.5599975585938 21.489990234375 21.489990234375 19.6499938964844 19.6499938964844 1.14999389648438 1.14999389648438 26.3300170898438 26.3300170898438 24.6500244140625 24.6500244140625 4.44000244140625 4.44000244140625 6.22000122070312 6.22000122070312 0.05999755859375 0.05999755859375
22.9700012207031 15.9400024414062 15.9400024414062 17 17 23.4500122070312 23.4500122070312 24.6700134277344 24.6700134277344 10.6900024414062 10.6900024414062 21.7999877929688 21.7999877929688 21.3800048828125 21.3800048828125 13.6600036621094 13.6600036621094 24.7099914550781 24.7099914550781 21.2100219726562 21.2100219726562 19.739990234375 19.739990234375 9.67001342773438 9.67001342773438 16.0400085449219 16.0400085449219 24.0299987792969 24.0299987792969 20.7099914550781 20.7099914550781 25.5599975585938 25.5599975585938 21.489990234375 21.489990234375 19.6499938964844 19.6499938964844 1.14999389648438 1.14999389648438 26.3300170898438 26.3300170898438 24.6500244140625 24.6500244140625 4.44000244140625 4.44000244140625 6.22000122070312 6.22000122070312 0.05999755859375 0.05999755859375
24.010009765625 13.5799865722656 13.5799865722656 18.3999938964844 18.3999938964844 23.0599975585938 23.0599975585938 18.1300048828125 18.1300048828125 20.6099853515625 20.6099853515625 24.489990234375 24.489990234375 19.8099975585938 19.8099975585938 22.2200012207031 22.2200012207031 20.8200073242188 20.8200073242188 21.1400146484375 21.1400146484375 18.1099853515625 18.1099853515625 18.7899780273438 18.7899780273438 19.2400207519531 19.2400207519531 12.4299926757812 12.4299926757812 18.1100158691406 18.1100158691406 23.1700134277344 23.1700134277344 17.1199951171875 17.1199951171875 24.1400146484375 24.1400146484375 25.0400085449219 25.0400085449219 21.5400085449219 21.5400085449219 28.7999877929688 28.7999877929688 26.8200073242188 26.8200073242188 30.9100036621094 30.9100036621094 0 0
24.010009765625 13.5799865722656 13.5799865722656 18.3999938964844 18.3999938964844 23.0599975585938 23.0599975585938 18.1300048828125 18.1300048828125 20.6099853515625 20.6099853515625 24.489990234375 24.489990234375 19.8099975585938 19.8099975585938 22.2200012207031 22.2200012207031 20.8200073242188 20.8200073242188 21.1400146484375 21.1400146484375 18.1099853515625 18.1099853515625 18.7899780273438 18.7899780273438 19.2400207519531 19.2400207519531 12.4299926757812 12.4299926757812 18.1100158691406 18.1100158691406 23.1700134277344 23.1700134277344 17.1199951171875 17.1199951171875 24.1400146484375 24.1400146484375 25.0400085449219 25.0400085449219 21.5400085449219 21.5400085449219 28.7999877929688 28.7999877929688 26.8200073242188 26.8200073242188 30.9100036621094 30.9100036621094 0 0
19.6799926757812 17.0599975585938 17.0599975585938 19.4399719238281 19.4399719238281 16.2100219726562 16.2100219726562 13.6999816894531 13.6999816894531 23.9700012207031 23.9700012207031 21.2300109863281 21.2300109863281 21.0900268554688 21.0900268554688 18.7200012207031 18.7200012207031 23.1300048828125 23.1300048828125 20.4599914550781 20.4599914550781 19.260009765625 19.260009765625 20.3500061035156 20.3500061035156 18.260009765625 18.260009765625 18.0700073242188 18.0700073242188 21.9299926757812 21.9299926757812 14.5599975585938 14.5599975585938 13.0599975585938 13.0599975585938 5.3800048828125 5.3800048828125 24.0799865722656 24.0799865722656 29.0400085449219 29.0400085449219 11.2200012207031 11.2200012207031 30.8300170898438 30.8300170898438 29.4200134277344 29.4200134277344 26.489990234375 26.489990234375
19.6799926757812 17.0599975585938 17.0599975585938 19.4399719238281 19.4399719238281 16.2100219726562 16.2100219726562 13.6999816894531 13.6999816894531 23.9700012207031 23.9700012207031 21.2300109863281 21.2300109863281 21.0900268554688 21.0900268554688 18.7200012207031 18.7200012207031 23.1300048828125 23.1300048828125 20.4599914550781 20.4599914550781 19.260009765625 19.260009765625 20.3500061035156 20.3500061035156 18.260009765625 18.260009765625 18.0700073242188 18.0700073242188 21.9299926757812 21.9299926757812 14.5599975585938 14.5599975585938 13.0599975585938 13.0599975585938 5.3800048828125 5.3800048828125 24.0799865722656 24.0799865722656 29.0400085449219 29.0400085449219 11.2200012207031 11.2200012207031 30.8300170898438 30.8300170898438 29.4200134277344 29.4200134277344 26.489990234375 26.489990234375
20.2200012207031 23.3299865722656 23.3299865722656 17.8399963378906 17.8399963378906 14.9400024414062 14.9400024414062 12.3299865722656 12.3299865722656 24.2200012207031 24.2200012207031 18.8599853515625 18.8599853515625 15.0099792480469 15.0099792480469 16.2799987792969 16.2799987792969 12.7099914550781 12.7099914550781 18.8300170898438 18.8300170898438 20.6199951171875 20.6199951171875 21.1199951171875 21.1199951171875 18.2200012207031 18.2200012207031 20.6199951171875 20.6199951171875 17.1400146484375 17.1400146484375 3.68002319335938 3.68002319335938 18.3099975585938 18.3099975585938 25.760009765625 25.760009765625 19.7200012207031 19.7200012207031 22.2400207519531 22.2400207519531 28.7000122070312 28.7000122070312 21.760009765625 21.760009765625 20.8600158691406 20.8600158691406 30.0599975585938 30.0599975585938
20.2200012207031 23.3299865722656 23.3299865722656 17.8399963378906 17.8399963378906 14.9400024414062 14.9400024414062 12.3299865722656 12.3299865722656 24.2200012207031 24.2200012207031 18.8599853515625 18.8599853515625 15.0099792480469 15.0099792480469 16.2799987792969 16.2799987792969 12.7099914550781 12.7099914550781 18.8300170898438 18.8300170898438 20.6199951171875 20.6199951171875 21.1199951171875 21.1199951171875 18.2200012207031 18.2200012207031 20.6199951171875 20.6199951171875 17.1400146484375 17.1400146484375 3.68002319335938 3.68002319335938 18.3099975585938 18.3099975585938 25.760009765625 25.760009765625 19.7200012207031 19.7200012207031 22.2400207519531 22.2400207519531 28.7000122070312 28.7000122070312 21.760009765625 21.760009765625 20.8600158691406 20.8600158691406 30.0599975585938 30.0599975585938
23.1400146484375 7.95001220703125 7.95001220703125 0.029998779296875 0.029998779296875 20.5800170898438 20.5800170898438 7.93997192382812 7.93997192382812 9.969970703125 9.969970703125 11.75 11.75 15.0500183105469 15.0500183105469 5.79000854492188 5.79000854492188 24.5699768066406 24.5699768066406 2.1199951171875 2.1199951171875 22 22 22.010009765625 22.010009765625 19.9700012207031 19.9700012207031 17.7599792480469 17.7599792480469 17.9100036621094 17.9100036621094 23.5099792480469 23.5099792480469 23.5799865722656 23.5799865722656 7.47998046875 7.47998046875 31.4700012207031 31.4700012207031 28.25 28.25 35.6099853515625 35.6099853515625 26.8999938964844 26.8999938964844 30.0499877929688 30.0499877929688 3.57998657226562 3.57998657226562
23.1400146484375 7.95001220703125 7.95001220703125 0.029998779296875 0.029998779296875 20.5800170898438 20.5800170898438 7.93997192382812 7.93997192382812 9.969970703125 9.969970703125 11.75 11.75 15.0500183105469 15.0500183105469 5.79000854492188 5.79000854492188 24.5699768066406 24.5699768066406 2.1199951171875 2.1199951171875 22 22 22.010009765625 22.010009765625 19.9700012207031 19.9700012207031 17.7599792480469 17.7599792480469 17.9100036621094 17.9100036621094 23.5099792480469 23.5099792480469 23.5799865722656 23.5799865722656 7.47998046875 7.47998046875 31.4700012207031 31.4700012207031 28.25 28.25 35.6099853515625 35.6099853515625 26.8999938964844 26.8999938964844 30.0499877929688 30.0499877929688 3.57998657226562 3.57998657226562
20.739990234375 22.6400146484375 22.6400146484375 19.989990234375 19.989990234375 4.65997314453125 4.65997314453125 20.5399780273438 20.5399780273438 18.0500183105469 18.0500183105469 19.3899841308594 19.3899841308594 18.6399841308594 18.6399841308594 20.5 20.5 18.2100219726562 18.2100219726562 20.1199951171875 20.1199951171875 14.6799926757812 14.6799926757812 17.3800048828125 17.3800048828125 18.989990234375 18.989990234375 21.1900024414062 21.1900024414062 16.489990234375 16.489990234375 18.8299865722656 18.8299865722656 25.6100158691406 25.6100158691406 24.760009765625 24.760009765625 23.9299926757812 23.9299926757812 22.0199890136719 22.0199890136719 25.5400085449219 25.5400085449219 29.3399963378906 29.3399963378906 8.66000366210938 8.66000366210938 16.8599853515625 16.8599853515625
20.739990234375 22.6400146484375 22.6400146484375 19.989990234375 19.989990234375 4.65997314453125 4.65997314453125 20.5399780273438 20.5399780273438 18.0500183105469 18.0500183105469 19.3899841308594 19.3899841308594 18.6399841308594 18.6399841308594 20.5 20.5 18.2100219726562 18.2100219726562 20.1199951171875 20.1199951171875 14.6799926757812 14.6799926757812 17.3800048828125 17.3800048828125 18.989990234375 18.989990234375 21.1900024414062 21.1900024414062 16.489990234375 16.489990234375 18.8299865722656 18.8299865722656 25.6100158691406 25.6100158691406 24.760009765625 24.760009765625 23.9299926757812 23.9299926757812 22.0199890136719 22.0199890136719 25.5400085449219 25.5400085449219 29.3399963378906 29.3399963378906 8.66000366210938 8.66000366210938 16.8599853515625 16.8599853515625
16.4400024414062 22.8200073242188 22.8200073242188 21.8600158691406 21.8600158691406 20.2200012207031 20.2200012207031 15.3000183105469 15.3000183105469 12.2099914550781 12.2099914550781 22.6999816894531 22.6999816894531 23.1400146484375 23.1400146484375 10.8700256347656 10.8700256347656 21.2699890136719 21.2699890136719 19.6999816894531 19.6999816894531 19.2799987792969 19.2799987792969 22.5 22.5 14.1000061035156 14.1000061035156 21.8800048828125 21.8800048828125 19.5400085449219 19.5400085449219 21.75 21.75 22.7699890136719 22.7699890136719 25.8399963378906 25.8399963378906 12.0899963378906 12.0899963378906 20.3999938964844 20.3999938964844 20.0199890136719 20.0199890136719 9.6500244140625 9.6500244140625 28.6199951171875 28.6199951171875 0 0
16.4400024414062 22.8200073242188 22.8200073242188 21.8600158691406 21.8600158691406 20.2200012207031 20.2200012207031 15.3000183105469 15.3000183105469 12.2099914550781 12.2099914550781 22.6999816894531 22.6999816894531 23.1400146484375 23.1400146484375 10.8700256347656 10.8700256347656 21.2699890136719 21.2699890136719 19.6999816894531 19.6999816894531 19.2799987792969 19.2799987792969 22.5 22.5 14.1000061035156 14.1000061035156 21.8800048828125 21.8800048828125 19.5400085449219 19.5400085449219 21.75 21.75 22.7699890136719 22.7699890136719 25.8399963378906 25.8399963378906 12.0899963378906 12.0899963378906 20.3999938964844 20.3999938964844 20.0199890136719 20.0199890136719 9.6500244140625 9.6500244140625 28.6199951171875 28.6199951171875 0 0
21.8099975585938 23.2699890136719 23.2699890136719 10.3299865722656 10.3299865722656 23.4299926757812 23.4299926757812 8.07000732421875 8.07000732421875 20.0500183105469 20.0500183105469 24.7899780273438 24.7899780273438 14.3900146484375 14.3900146484375 23.739990234375 23.739990234375 22.1399841308594 22.1399841308594 24.1999816894531 24.1999816894531 22.2900085449219 22.2900085449219 20.4299926757812 20.4299926757812 20.52001953125 20.52001953125 21.8900146484375 21.8900146484375 26.1100158691406 26.1100158691406 22.4400024414062 22.4400024414062 23.2200012207031 23.2200012207031 21.4199829101562 21.4199829101562 13.6999816894531 13.6999816894531 11.3999938964844 11.3999938964844 19.02001953125 19.02001953125 19.4900207519531 19.4900207519531 19.8000183105469 19.8000183105469 0.739990234375 0.739990234375
21.8099975585938 23.2699890136719 23.2699890136719 10.3299865722656 10.3299865722656 23.4299926757812 23.4299926757812 8.07000732421875 8.07000732421875 20.0500183105469 20.0500183105469 24.7899780273438 24.7899780273438 14.3900146484375 14.3900146484375 23.739990234375 23.739990234375 22.1399841308594 22.1399841308594 24.1999816894531 24.1999816894531 22.2900085449219 22.2900085449219 20.4299926757812 20.4299926757812 20.52001953125 20.52001953125 21.8900146484375 21.8900146484375 26.1100158691406 26.1100158691406 22.4400024414062 22.4400024414062 23.2200012207031 23.2200012207031 21.4199829101562 21.4199829101562 13.6999816894531 13.6999816894531 11.3999938964844 11.3999938964844 19.02001953125 19.02001953125 19.4900207519531 19.4900207519531 19.8000183105469 19.8000183105469 0.739990234375 0.739990234375
