Application/input/C/tree-height.asc
NCOLS 200 
NROWS 200 
XLLCORNER 452350.00012207 
YLLCORNER 5641505.00012207 
CELLSIZE 5 
NODATA_value -3.4e+38 
[rows 44 to 65 of 200, columns 49 to 97 of 200]
3.91998291015625 3.91998291015625 5.41998291015625 5.41998291015625 0.029998779296875 0.029998779296875 0.8599853515625 0.8599853515625 20.6000061035156 20.6000061035156 1.1400146484375 1.1400146484375 4.91000366210938 4.91000366210938 10.3800048828125 10.3800048828125 3.94998168945312 3.94998168945312 29.6999816894531 29.6999816894531 7.489990234375 7.489990234375 2.89999389648438 2.89999389648438 15.3800048828125 15.3800048828125 14.3600158691406 14.3600158691406 15 15 17.6499938964844 17.6499938964844 18.2900085449219 18.2900085449219 18.5599975585938 18.5599975585938 19.5599975585938 19.5599975585938 19.9100036621094 19.9100036621094 23.4300231933594 23.4300231933594 18.0399780273438 18.0399780273438 15.1400146484375 15.1400146484375 0 0 16.6400146484375
3.91998291015625 3.91998291015625 5.41998291015625 5.41998291015625 0.029998779296875 0.029998779296875 0.8599853515625 0.8599853515625 20.6000061035156 20.6000061035156 1.1400146484375 1.1400146484375 4.91000366210938 4.91000366210938 10.3800048828125 10.3800048828125 3.94998168945312 3.94998168945312 29.6999816894531 29.6999816894531 7.489990234375 7.489990234375 2.89999389648438 2.89999389648438 15.3800048828125 15.3800048828125 14.3600158691406 14.3600158691406 15 15 17.6499938964844 17.6499938964844 18.2900085449219 18.2900085449219 18.5599975585938 18.5599975585938 19.5599975585938 19.5599975585938 19.9100036621094 19.9100036621094 23.4300231933594 23.4300231933594 18.0399780273438 18.0399780273438 15.1400146484375 15.1400146484375 0 0 16.6400146484375
4.46002197265625 4.46002197265625 5.80001831054688 5.80001831054688 0.04998779296875 0.04998779296875 3.91998291015625 3.91998291015625 6.67999267578125 6.67999267578125 4.82000732421875 4.82000732421875 10.1499938964844 10.1499938964844 0.790008544921875 0.790008544921875 3.95999145507812 3.95999145507812 13.9299926757812 13.9299926757812 5.26998901367188 5.26998901367188 10.9299926757812 10.9299926757812 16 16 21.469970703125 21.469970703125 3.69000244140625 3.69000244140625 16.5199890136719 16.5199890136719 14.72998046875 14.72998046875 14.8399963378906 14.8399963378906 23.1900024414062 23.1900024414062 26.0199890136719 26.0199890136719 21.3499755859375 21.3499755859375 18.7099914550781 18.7099914550781 11.8999938964844 11.8999938964844 13.8500061035156 13.8500061035156 9.27001953125
4.46002197265625 4.46002197265625 5.80001831054688 5.80001831054688 0.04998779296875 0.04998779296875 3.91998291015625 3.91998291015625 6.67999267578125 6.67999267578125 4.82000732421875 4.82000732421875 10.1499938964844 10.1499938964844 0.790008544921875 0.790008544921875 3.95999145507812 3.95999145507812 13.9299926757812 13.9299926757812 5.26998901367188 5.26998901367188 10.9299926757812 10.9299926757812 16 16 21.469970703125 21.469970703125 3.69000244140625 3.69000244140625 16.5199890136719 16.5199890136719 14.72998046875 14.72998046875 14.8399963378906 14.8399963378906 23.1900024414062 23.1900024414062 26.0199890136719 26.0199890136719 21.3499755859375 21.3499755859375 18.7099914550781 18.7099914550781 11.8999938964844 11.8999938964844 13.8500061035156 13.8500061035156 9.27001953125
1.92999267578125 1.92999267578125 2.54998779296875 2.54998779296875 1.41000366210938 1.41000366210938 2.85000610351562 2.85000610351562 5.3699951171875 5.3699951171875 4.489990234375 4.489990234375 0.03997802734375 0.03997802734375 0 0 25.9700012207031 25.9700012207031 21.6700134277344 21.6700134277344 15.9200134277344 15.9200134277344 17.5599975585938 17.5599975585938 14.6400146484375 14.6400146484375 12.8199768066406 12.8199768066406 0.300018310546875 0.300018310546875 15.1599731445312 15.1599731445312 17.4200134277344 17.4200134277344 23.4500122070312 23.4500122070312 21.7900085449219 21.7900085449219 22.8700256347656 22.8700256347656 6.72998046875 6.72998046875 18 18 20.5499877929688 20.5499877929688 19.0599975585938 19.0599975585938 10.9000244140625
1.92999267578125 1.92999267578125 2.54998779296875 2.54998779296875 1.41000366210938 1.41000366210938 2.85000610351562 2.85000610351562 5.3699951171875 5.3699951171875 4.489990234375 4.489990234375 0.03997802734375 0.03997802734375 0 0 25.9700012207031 25.9700012207031 21.6700134277344 21.6700134277344 15.9200134277344 15.9200134277344 17.5599975585938 17.5599975585938 14.6400146484375 14.6400146484375 12.8199768066406 12.8199768066406 0.300018310546875 0.300018310546875 15.1599731445312 15.1599731445312 17.4200134277344 17.4200134277344 23.4500122070312 23.4500122070312 21.7900085449219 21.7900085449219 22.8700256347656 22.8700256347656 6.72998046875 6.72998046875 18 18 20.5499877929688 20.5499877929688 19.0599975585938 19.0599975585938 10.9000244140625
10.3400268554688 10.3400268554688 2.260009765625 2.260009765625 4.73001098632812 4.73001098632812 0.70001220703125 0.70001220703125 0.94000244140625 0.94000244140625 0.529998779296875 0.529998779296875 23.4599914550781 23.4599914550781 24.6999816894531 24.6999816894531 23.9299926757812 23.9299926757812 19.280029296875 19.280029296875 23.0599975585938 23.0599975585938 17.3200073242188 17.3200073242188 11.5 11.5 7.6500244140625 7.6500244140625 0.639984130859375 0.639984130859375 17.4700012207031 17.4700012207031 15.2300109863281 15.2300109863281 11.9400024414062 11.9400024414062 19.8200073242188 19.8200073242188 18.7900085449219 18.7900085449219 23.3800048828125 23.3800048828125 5.1400146484375 5.1400146484375 0 0 17.6600036621094 17.6600036621094 17.1999816894531
10.3400268554688 10.3400268554688 2.260009765625 2.260009765625 4.73001098632812 4.73001098632812 0.70001220703125 0.70001220703125 0.94000244140625 0.94000244140625 0.529998779296875 0.529998779296875 23.4599914550781 23.4599914550781 24.6999816894531 24.6999816894531 23.9299926757812 23.9299926757812 19.280029296875 19.280029296875 23.0599975585938 23.0599975585938 17.3200073242188 17.3200073242188 11.5 11.5 7.6500244140625 7.6500244140625 0.639984130859375 0.639984130859375 17.4700012207031 17.4700012207031 15.2300109863281 15.2300109863281 11.9400024414062 11.9400024414062 19.8200073242188 19.8200073242188 18.7900085449219 18.7900085449219 23.3800048828125 23.3800048828125 5.1400146484375 5.1400146484375 0 0 17.6600036621094 17.6600036621094 17.1999816894531
6.14999389648438 6.14999389648438 3.44998168945312 3.44998168945312 4.37997436523438 4.37997436523438 0.199981689453125 0.199981689453125 0.6400146484375 0.6400146484375 0 0 19.9800109863281 19.9800109863281 17.3399963378906 17.3399963378906 21.4700012207031 21.4700012207031 9.1199951171875 9.1199951171875 15.7099914550781 15.7099914550781 15.7999877929688 15.7999877929688 24.9300231933594 24.9300231933594 22.1900024414062 22.1900024414062 12.510009765625 12.510009765625 4.010009765625 4.010009765625 15.6000061035156 15.6000061035156 21.7699890136719 21.7699890136719 4.08999633789062 4.08999633789062 0.600006103515625 0.600006103515625 3.8599853515625 3.8599853515625 2.16000366210938 2.16000366210938 19.9500122070312 19.9500122070312 13.3399963378906 13.3399963378906 17.9700012207031
6.14999389648438 6.14999389648438 3.44998168945312 3.44998168945312 4.37997436523438 4.37997436523438 0.199981689453125 0.199981689453125 0.6400146484375 0.6400146484375 0 0 19.9800109863281 19.9800109863281 17.3399963378906 17.3399963378906 21.4700012207031 21.4700012207031 9.1199951171875 9.1199951171875 15.7099914550781 15.7099914550781 15.7999877929688 15.7999877929688 24.9300231933594 24.9300231933594 22.1900024414062 22.1900024414062 12.510009765625 12.510009765625 4.010009765625 4.010009765625 15.6000061035156 15.6000061035156 21.7699890136719 21.7699890136719 4.08999633789062 4.08999633789062 0.600006103515625 0.600006103515625 3.8599853515625 3.8599853515625 2.16000366210938 2.16000366210938 19.9500122070312 19.9500122070312 13.3399963378906 13.3399963378906 17.9700012207031
4.58999633789062 4.58999633789062 4.80999755859375 4.80999755859375 2.42001342773438 2.42001342773438 0.1099853515625 0.1099853515625 0.25 0.25 1.52999877929688 1.52999877929688 0.009979248046875 0.009979248046875 7.16998291015625 7.16998291015625 8.32000732421875 8.32000732421875 19.5700073242188 19.5700073242188 0.80999755859375 0.80999755859375 16.77001953125 16.77001953125 16.3999938964844 16.3999938964844 4.17999267578125 4.17999267578125 22.010009765625 22.010009765625 18.739990234375 18.739990234375 18.3699951171875 18.3699951171875 1.02001953125 1.02001953125 19.9400024414062 19.9400024414062 15.5799865722656 15.5799865722656 16.8200073242188 16.8200073242188 15.6700134277344 15.6700134277344 13.02001953125 13.02001953125 19.3999938964844 19.3999938964844 15.2799987792969
4.58999633789062 4.58999633789062 4.80999755859375 4.80999755859375 2.42001342773438 2.42001342773438 0.1099853515625 0.1099853515625 0.25 0.25 1.52999877929688 1.52999877929688 0.009979248046875 0.009979248046875 7.16998291015625 7.16998291015625 8.32000732421875 8.32000732421875 19.5700073242188 19.5700073242188 0.80999755859375 0.80999755859375 16.77001953125 16.77001953125 16.3999938964844 16.3999938964844 4.17999267578125 4.17999267578125 22.010009765625 22.010009765625 18.739990234375 18.739990234375 18.3699951171875 18.3699951171875 1.02001953125 1.02001953125 19.9400024414062 19.9400024414062 15.5799865722656 15.5799865722656 16.8200073242188 16.8200073242188 15.6700134277344 15.6700134277344 13.02001953125 13.02001953125 19.3999938964844 19.3999938964844 15.2799987792969
0.149993896484375 0.149993896484375 7.17999267578125 7.17999267578125 4.88998413085938 4.88998413085938 0.59002685546875 0.59002685546875 0.709991455078125 0.709991455078125 1.08001708984375 1.08001708984375 8.75 8.75 2.80999755859375 2.80999755859375 0.1300048828125 0.1300048828125 17.0599975585938 17.0599975585938 14.7400207519531 14.7400207519531 7.02001953125 7.02001953125 0 0 16.760009765625 16.760009765625 8.760009765625 8.760009765625 14.8499755859375 14.8499755859375 16.239990234375 16.239990234375 4.239990234375 4.239990234375 19.0299987792969 19.0299987792969 17.9900207519531 17.9900207519531 9.5 9.5 18.7999877929688 18.7999877929688 15.3800048828125 15.3800048828125 11.0499877929688 11.0499877929688 10.239990234375
0.149993896484375 0.149993896484375 7.17999267578125 7.17999267578125 4.88998413085938 4.88998413085938 0.59002685546875 0.59002685546875 0.709991455078125 0.709991455078125 1.08001708984375 1.08001708984375 8.75 8.75 2.80999755859375 2.80999755859375 0.1300048828125 0.1300048828125 17.0599975585938 17.0599975585938 14.7400207519531 14.7400207519531 7.02001953125 7.02001953125 0 0 16.760009765625 16.760009765625 8.760009765625 8.760009765625 14.8499755859375 14.8499755859375 16.239990234375 16.239990234375 4.239990234375 4.239990234375 19.0299987792969 19.0299987792969 17.9900207519531 17.9900207519531 9.5 9.5 18.7999877929688 18.7999877929688 15.3800048828125 15.3800048828125 11.0499877929688 11.0499877929688 10.239990234375
12.5799865722656 12.5799865722656 9.54998779296875 9.54998779296875 4.95999145507812 4.95999145507812 0.170013427734375 0.170013427734375 0.389984130859375 0.389984130859375 2.25 2.25 0 0 0 0 14.8200073242188 14.8200073242188 8.43997192382812 8.43997192382812 3.75 3.75 4.8900146484375 4.8900146484375 4.6400146484375 4.6400146484375 5.23001098632812 5.23001098632812 16.9400024414062 16.9400024414062 8.6300048828125 8.6300048828125 16.5199890136719 16.5199890136719 19.8500061035156 19.8500061035156 21.7799987792969 21.7799987792969 18.5199890136719 18.5199890136719 12.8499755859375 12.8499755859375 19.4200134277344 19.4200134277344 17.6700134277344 17.6700134277344 15.239990234375 15.239990234375 16.510009765625
12.5799865722656 12.5799865722656 9.54998779296875 9.54998779296875 4.95999145507812 4.95999145507812 0.170013427734375 0.170013427734375 0.389984130859375 0.389984130859375 2.25 2.25 0 0 0 0 14.8200073242188 14.8200073242188 8.43997192382812 8.43997192382812 3.75 3.75 4.8900146484375 4.8900146484375 4.6400146484375 4.6400146484375 5.23001098632812 5.23001098632812 16.9400024414062 16.9400024414062 8.6300048828125 8.6300048828125 16.5199890136719 16.5199890136719 19.8500061035156 19.8500061035156 21.7799987792969 21.7799987792969 18.5199890136719 18.5199890136719 12.8499755859375 12.8499755859375 19.4200134277344 19.4200134277344 17.6700134277344 17.6700134277344 15.239990234375 15.239990234375 16.510009765625
7.30999755859375 7.30999755859375 0.040008544921875 0.040008544921875 4.05001831054688 4.05001831054688 0.04998779296875 0.04998779296875 0.339996337890625 0.339996337890625 0.05999755859375 0.05999755859375 0.22998046875 0.22998046875 0.490020751953125 0.490020751953125 15.5299987792969 15.5299987792969 14.1499938964844 14.1499938964844 21.5700073242188 21.5700073242188 3.69998168945312 3.69998168945312 15.5 15.5 6.97998046875 6.97998046875 6.1099853515625 6.1099853515625 15.3300170898438 15.3300170898438 1.3900146484375 1.3900146484375 13.9200134277344 13.9200134277344 19.6299743652344 19.6299743652344 14.8900146484375 14.8900146484375 15.6799926757812 15.6799926757812 15.2999877929688 15.2999877929688 20.7799987792969 20.7799987792969 19.47998046875 19.47998046875 10.5500183105469
7.30999755859375 7.30999755859375 0.040008544921875 0.040008544921875 4.05001831054688 4.05001831054688 0.04998779296875 0.04998779296875 0.339996337890625 0.339996337890625 0.05999755859375 0.05999755859375 0.22998046875 0.22998046875 0.490020751953125 0.490020751953125 15.5299987792969 15.5299987792969 14.1499938964844 14.1499938964844 21.5700073242188 21.5700073242188 3.69998168945312 3.69998168945312 15.5 15.5 6.97998046875 6.97998046875 6.1099853515625 6.1099853515625 15.3300170898438 15.3300170898438 1.3900146484375 1.3900146484375 13.9200134277344 13.9200134277344 19.6299743652344 19.6299743652344 14.8900146484375 14.8900146484375 15.6799926757812 15.6799926757812 15.2999877929688 15.2999877929688 20.7799987792969 20.7799987792969 19.47998046875 19.47998046875 10.5500183105469
9.72000122070312 9.72000122070312 4.19998168945312 4.19998168945312 12.1000061035156 12.1000061035156 0.83001708984375 0.83001708984375 0.010009765625 0.010009765625 0 0 11.1000061035156 11.1000061035156 0.100006103515625 0.100006103515625 0.670013427734375 0.670013427734375 16.9000244140625 16.9000244140625 6.83001708984375 6.83001708984375 15.3900146484375 15.3900146484375 18.3699951171875 18.3699951171875 12.3200073242188 12.3200073242188 2.75 2.75 4.1099853515625 4.1099853515625 8.92999267578125 8.92999267578125 17.0999755859375 17.0999755859375 17.5500183105469 17.5500183105469 6.3800048828125 6.3800048828125 18.6799926757812 18.6799926757812 21.3999938964844 21.3999938964844 13 13 19 19 10.9700012207031
9.72000122070312 9.72000122070312 4.19998168945312 4.19998168945312 12.1000061035156 12.1000061035156 0.83001708984375 0.83001708984375 0.010009765625 0.010009765625 0 0 11.1000061035156 11.1000061035156 0.100006103515625 0.100006103515625 0.670013427734375 0.670013427734375 16.9000244140625 16.9000244140625 6.83001708984375 6.83001708984375 15.3900146484375 15.3900146484375 18.3699951171875 18.3699951171875 12.3200073242188 12.3200073242188 2.75 2.75 4.1099853515625 4.1099853515625 8.92999267578125 8.92999267578125 17.0999755859375 17.0999755859375 17.5500183105469 17.5500183105469 6.3800048828125 6.3800048828125 18.6799926757812 18.6799926757812 21.3999938964844 21.3999938964844 13 13 19 19 10.9700012207031
1.8699951171875 1.8699951171875 2.99002075195312 2.99002075195312 0.41998291015625 0.41998291015625 1.19000244140625 1.19000244140625 20.7799987792969 20.7799987792969 0.489990234375 0.489990234375 7.67999267578125 7.67999267578125 3.54998779296875 3.54998779296875 1.39999389648438 1.39999389648438 20.9499816894531 20.9499816894531 14.0900268554688 14.0900268554688 17.8800048828125 17.8800048828125 19.1499938964844 19.1499938964844 11.3600158691406 11.3600158691406 13.2999877929688 13.2999877929688 10.9499816894531 10.9499816894531 12.7000122070312 12.7000122070312 14.6499938964844 14.6499938964844 11.3900146484375 11.3900146484375 15.8499755859375 15.8499755859375 2.1400146484375 2.1400146484375 4.92999267578125 4.92999267578125 13.2699890136719 13.2699890136719 10.9700012207031 10.9700012207031 24.8000183105469
1.8699951171875 1.8699951171875 2.99002075195312 2.99002075195312 0.41998291015625 0.41998291015625 1.19000244140625 1.19000244140625 20.7799987792969 20.7799987792969 0.489990234375 0.489990234375 7.67999267578125 7.67999267578125 3.54998779296875 3.54998779296875 1.39999389648438 1.39999389648438 20.9499816894531 20.9499816894531 14.0900268554688 14.0900268554688 17.8800048828125 17.8800048828125 19.1499938964844 19.1499938964844 11.3600158691406 11.3600158691406 13.2999877929688 13.2999877929688 10.9499816894531 10.9499816894531 12.7000122070312 12.7000122070312 14.6499938964844 14.6499938964844 11.3900146484375 11.3900146484375 15.8499755859375 15.8499755859375 2.1400146484375 2.1400146484375 4.92999267578125 4.92999267578125 13.2699890136719 13.2699890136719 10.9700012207031 10.9700012207031 24.8000183105469
