Application/input/B/tree-height.asc
NCOLS 200 
NROWS 200 
XLLCORNER 451660.00012207 
YLLCORNER 5642455.00012207 
CELLSIZE 5 
NODATA_value -3.4e+38 
[rows 88 to 109 of 200, columns 0 to 50 of 200]
0.050018310546875 0 0 0 0 0 0 0 0 0 0 0 0 0 0 0 0 0 0 0 0 0.009979248046875 0.009979248046875 0 0 0 0 0 0 0 0 0.02001953125 0.02001953125 0 0 0 0 0.029998779296875 0.029998779296875 0 0 0 0 0 0 0 0 0.029998779296875 0.029998779296875 0.019989013671875 0.019989013671875
0.050018310546875 0 0 0 0 0 0 0 0 0 0 0 0 0 0 0 0 0 0 0 0 0.009979248046875 0.009979248046875 0 0 0 0 0 0 0 0 0.02001953125 0.02001953125 0 0 0 0 0.029998779296875 0.029998779296875 0 0 0 0 0 0 0 0 0.029998779296875 0.029998779296875 0.019989013671875 0.019989013671875
0 0 0 0 0 0 0 0 0 0 0 0 0 0 0 0 0 0 0 0 0 0 0 0 0 0 0 0 0 0 0 0 0 0 0 0 0 0.010009765625 0.010009765625 0 0 0.040008544921875 0.040008544921875 0.029998779296875 0.029998779296875 0 0 0.019989013671875 0.019989013671875 0.010009765625 0.010009765625
0 0 0 0 0 0 0 0 0 0 0 0 0 0 0 0 0 0 0 0 0 0 0 0 0 0 0 0 0 0 0 0 0 0 0 0 0 0.010009765625 0.010009765625 0 0 0.040008544921875 0.040008544921875 0.029998779296875 0.029998779296875 0 0 0.019989013671875 0.019989013671875 0.010009765625 0.010009765625
0 0.029998779296875 0.029998779296875 0 0 0.009979248046875 0.009979248046875 0 0 0.009979248046875 0.009979248046875 0.019989013671875 0.019989013671875 0 0 0.030029296875 0.030029296875 0.009979248046875 0.009979248046875 0 0 0.009979248046875 0.009979248046875 0.009979248046875 0.009979248046875 0.02001953125 0.02001953125 0.040008544921875 0.040008544921875 0.029998779296875 0.029998779296875 0 0 0.019989013671875 0.019989013671875 0 0 0.069976806640625 0.069976806640625 0.029998779296875 0.029998779296875 0.079986572265625 0.079986572265625 0.040008544921875 0.040008544921875 0 0 0.04998779296875 0.04998779296875 0.009979248046875 0.009979248046875
0 0.029998779296875 0.029998779296875 0 0 0.009979248046875 0.009979248046875 0 0 0.009979248046875 0.009979248046875 0.019989013671875 0.019989013671875 0 0 0.030029296875 0.030029296875 0.009979248046875 0.009979248046875 0 0 0.009979248046875 0.009979248046875 0.009979248046875 0.009979248046875 0.02001953125 0.02001953125 0.040008544921875 0.040008544921875 0.029998779296875 0.029998779296875 0 0 0.019989013671875 0.019989013671875 0 0 0.069976806640625 0.069976806640625 0.029998779296875 0.029998779296875 0.079986572265625 0.079986572265625 0.040008544921875 0.040008544921875 0 0 0.04998779296875 0.04998779296875 0.009979248046875 0.009979248046875
0 0 0 0 0 0 0 0 0 0 0 0 0 0 0 0 0 0 0 0 0 0 0 0.010009765625 0.010009765625 0 0 0.129974365234375 0.129974365234375 0.019989013671875 0.019989013671875 0 0 0.149993896484375 0.149993896484375 0 0 0.069976806640625 0.069976806640625 0.029998779296875 0.029998779296875 0.1099853515625 0.1099853515625 0.050018310546875 0.050018310546875 0 0 0.089996337890625 0.089996337890625 0.019989013671875 0.019989013671875
0 0 0 0 0 0 0 0 0 0 0 0 0 0 0 0 0 0 0 0 0 0 0 0.010009765625 0.010009765625 0 0 0.129974365234375 0.129974365234375 0.019989013671875 0.019989013671875 0 0 0.149993896484375 0.149993896484375 0 0 0.069976806640625 0.069976806640625 0.029998779296875 0.029998779296875 0.1099853515625 0.1099853515625 0.050018310546875 0.050018310546875 0 0 0.089996337890625 0.089996337890625 0.019989013671875 0.019989013671875
0 0 0 0 0 0 0 0 0 0 0 0 0 0 0 0 0 0 0 0 0 0 0 0.04998779296875 0.04998779296875 0 0 0.04998779296875 0.04998779296875 0.010009765625 0.010009765625 0.1099853515625 0.1099853515625 0.05999755859375 0.05999755859375 0 0 0.08001708984375 0.08001708984375 0.029998779296875 0.029998779296875 0.1099853515625 0.1099853515625 0.100006103515625 0.100006103515625 0 0 0.07000732421875 0.07000732421875 0.010009765625 0.010009765625
0 0 0 0 0 0 0 0 0 0 0 0 0 0 0 0 0 0 0 0 0 0 0 0.04998779296875 0.04998779296875 0 0 0.04998779296875 0.04998779296875 0.010009765625 0.010009765625 0.1099853515625 0.1099853515625 0.05999755859375 0.05999755859375 0 0 0.08001708984375 0.08001708984375 0.029998779296875 0.029998779296875 0.1099853515625 0.1099853515625 0.100006103515625 0.100006103515625 0 0 0.07000732421875 0.07000732421875 0.010009765625 0.010009765625
0 0.010009765625 0.010009765625 0 0 0 0 0 0 0 0 0 0 0 0 0 0 0.04998779296875 0.04998779296875 0.019989013671875 0.019989013671875 0.05999755859375 0.05999755859375 0.029998779296875 0.029998779296875 0 0 0.079986572265625 0.079986572265625 0.019989013671875 0.019989013671875 0.1300048828125 0.1300048828125 0.069976806640625 0.069976806640625 0 0 0.08001708984375 0.08001708984375 12.7799987792969 12.7799987792969 12.6999816894531 12.6999816894531 2.07998657226562 2.07998657226562 13.1000061035156 13.1000061035156 17.1500244140625 17.1500244140625 11.8200073242188 11.8200073242188
0 0.010009765625 0.010009765625 0 0 0 0 0 0 0 0 0 0 0 0 0 0 0.04998779296875 0.04998779296875 0.019989013671875 0.019989013671875 0.05999755859375 0.05999755859375 0.029998779296875 0.029998779296875 0 0 0.079986572265625 0.079986572265625 0.019989013671875 0.019989013671875 0.1300048828125 0.1300048828125 0.069976806640625 0.069976806640625 0 0 0.08001708984375 0.08001708984375 12.7799987792969 12.7799987792969 12.6999816894531 12.6999816894531 2.07998657226562 2.07998657226562 13.1000061035156 13.1000061035156 17.1500244140625 17.1500244140625 11.8200073242188 11.8200073242188
0 0 0 0 0 0 0 0 0 0 0 0 0 0 0 0 0 0.04998779296875 0.04998779296875 0 0 0 0 0.050018310546875 0.050018310546875 0 0 0.09002685546875 0.09002685546875 0.030029296875 0.030029296875 0.120025634765625 0.120025634765625 0.17999267578125 0.17999267578125 0.010009765625 0.010009765625 0.319976806640625 0.319976806640625 10.2200012207031 10.2200012207031 15.47998046875 15.47998046875 5.60000610351562 5.60000610351562 12.5199890136719 12.5199890136719 24.3399963378906 24.3399963378906 11.9300231933594 11.9300231933594
0 0 0 0 0 0 0 0 0 0 0 0 0 0 0 0 0 0.04998779296875 0.04998779296875 0 0 0 0 0.050018310546875 0.050018310546875 0 0 0.09002685546875 0.09002685546875 0.030029296875 0.030029296875 0.120025634765625 0.120025634765625 0.17999267578125 0.17999267578125 0.010009765625 0.010009765625 0.319976806640625 0.319976806640625 10.2200012207031 10.2200012207031 15.47998046875 15.47998046875 5.60000610351562 5.60000610351562 12.5199890136719 12.5199890136719 24.3399963378906 24.3399963378906 11.9300231933594 11.9300231933594
0 0.010009765625 0.010009765625 0 0 0.010009765625 0.010009765625 0.009979248046875 0.009979248046875 0.010009765625 0.010009765625 0.010009765625 0.010009765625 0.009979248046875 0.009979248046875 0 0 0.040008544921875 0.040008544921875 0 0 0 0 0.04998779296875 0.04998779296875 0 0 0.07000732421875 0.07000732421875 0.040008544921875 0.040008544921875 0.09002685546875 0.09002685546875 0.05999755859375 0.05999755859375 0.09002685546875 0.09002685546875 13.9400024414062 13.9400024414062 13.1100158691406 13.1100158691406 10.5499877929688 10.5499877929688 19.4199829101562 19.4199829101562 22.0700073242188 22.0700073242188 17.6000061035156 17.6000061035156 21.7999877929688 21.7999877929688
0 0.010009765625 0.010009765625 0 0 0.010009765625 0.010009765625 0.009979248046875 0.009979248046875 0.010009765625 0.010009765625 0.010009765625 0.010009765625 0.009979248046875 0.009979248046875 0 0 0.040008544921875 0.040008544921875 0 0 0 0 0.04998779296875 0.04998779296875 0 0 0.07000732421875 0.07000732421875 0.040008544921875 0.040008544921875 0.09002685546875 0.09002685546875 0.05999755859375 0.05999755859375 0.09002685546875 0.09002685546875 13.9400024414062 13.9400024414062 13.1100158691406 13.1100158691406 10.5499877929688 10.5499877929688 19.4199829101562 19.4199829101562 22.0700073242188 22.0700073242188 17.6000061035156 17.6000061035156 21.7999877929688 21.7999877929688
0 0 0 0 0 0 0 0 0 0 0 0 0 0.02001953125 0.02001953125 0 0 0.010009765625 0.010009765625 0.019989013671875 0.019989013671875 0 0 0.050018310546875 0.050018310546875 0.010009765625 0.010009765625 0.1199951171875 0.1199951171875 0.04998779296875 0.04998779296875 0.180023193359375 0.180023193359375 0.1199951171875 0.1199951171875 5.25 5.25 16.8399963378906 16.8399963378906 22.72998046875 22.72998046875 20.7899780273438 20.7899780273438 21.2699890136719 21.2699890136719 22.0499877929688 22.0499877929688 23.5899963378906 23.5899963378906 2.11001586914062 2.11001586914062
0 0 0 0 0 0 0 0 0 0 0 0 0 0.02001953125 0.02001953125 0 0 0.010009765625 0.010009765625 0.019989013671875 0.019989013671875 0 0 0.050018310546875 0.050018310546875 0.010009765625 0.010009765625 0.1199951171875 0.1199951171875 0.04998779296875 0.04998779296875 0.180023193359375 0.180023193359375 0.1199951171875 0.1199951171875 5.25 5.25 16.8399963378906 16.8399963378906 22.72998046875 22.72998046875 20.7899780273438 20.7899780273438 21.2699890136719 21.2699890136719 22.0499877929688 22.0499877929688 23.5899963378906 23.5899963378906 2.11001586914062 2.11001586914062
0.010009765625 0 0 0.019989013671875 0.019989013671875 0 0 0 0 0 0 0 0 0 0 0.019989013671875 0.019989013671875 0.029998779296875 0.029998779296875 0.029998779296875 0.029998779296875 0 0 0.069976806640625 0.069976806640625 0.069976806640625 0.069976806640625 0.1300048828125 0.1300048828125 0.1300048828125 0.1300048828125 0.32000732421875 0.32000732421875 14.1099853515625 14.1099853515625 18.4400024414062 18.4400024414062 20.6199951171875 20.6199951171875 23.3399963378906 23.3399963378906 24.510009765625 24.510009765625 30.8300170898438 30.8300170898438 27.7000122070312 27.7000122070312 25.5899963378906 25.5899963378906 19.77001953125 19.77001953125
0.010009765625 0 0 0.019989013671875 0.019989013671875 0 0 0 0 0 0 0 0 0 0 0.019989013671875 0.019989013671875 0.029998779296875 0.029998779296875 0.029998779296875 0.029998779296875 0 0 0.069976806640625 0.069976806640625 0.069976806640625 0.069976806640625 0.1300048828125 0.1300048828125 0.1300048828125 0.1300048828125 0.32000732421875 0.32000732421875 14.1099853515625 14.1099853515625 18.4400024414062 18.4400024414062 20.6199951171875 20.6199951171875 23.3399963378906 23.3399963378906 24.510009765625 24.510009765625 30.8300170898438 30.8300170898438 27.7000122070312 27.7000122070312 25.5899963378906 25.5899963378906 19.77001953125 19.77001953125
0 0 0 0.019989013671875 0.019989013671875 0 0 0.019989013671875 0.019989013671875 0 0 0 0 0.029998779296875 0.029998779296875 0 0 0.040008544921875 0.040008544921875 0.029998779296875 0.029998779296875 0 0 0.149993896484375 0.149993896484375 0.029998779296875 0.029998779296875 0.259979248046875 0.259979248046875 0.060028076171875 0.060028076171875 0.220001220703125 0.220001220703125 19.3600158691406 19.3600158691406 22.0800170898438 22.0800170898438 28.5500183105469 28.5500183105469 22.760009765625 22.760009765625 30.4199829101562 30.4199829101562 24.3599853515625 24.3599853515625 28.6700134277344 28.6700134277344 23.9800109863281 23.9800109863281 19.8200073242188 19.8200073242188
0 0 0 0.019989013671875 0.019989013671875 0 0 0.019989013671875 0.019989013671875 0 0 0 0 0.029998779296875 0.029998779296875 0 0 0.040008544921875 0.040008544921875 0.029998779296875 0.029998779296875 0 0 0.149993896484375 0.149993896484375 0.029998779296875 0.029998779296875 0.259979248046875 0.259979248046875 0.060028076171875 0.060028076171875 0.220001220703125 0.220001220703125 19.3600158691406 19.3600158691406 22.0800170898438 22.0800170898438 28.5500183105469 28.5500183105469 22.760009765625 22.760009765625 30.4199829101562 30.4199829101562 24.3599853515625 24.3599853515625 28.6700134277344 28.6700134277344 23.9800109863281 23.9800109863281 19.8200073242188 19.8200073242188
