Application/input/B/tree-height.asc
NCOLS 200 
NROWS 200 
XLLCORNER 451660.00012207 
YLLCORNER 5642455.00012207 
CELLSIZE 5 
NODATA_value -3.4e+38 
[rows 176 to 197 of 200, columns 51 to 101 of 200]
23.0800170898438 23.0800170898438 21.8499755859375 21.8499755859375 23.3099975585938 23.3099975585938 24.3000183105469 24.3000183105469 23.219970703125 23.219970703125 10.6600036621094 10.6600036621094 24.9700012207031 24.9700012207031 3.29000854492188 3.29000854492188 21.5700073242188 21.5700073242188 19.8999938964844 19.8999938964844 26.5900268554688 26.5900268554688 27.1699829101562 27.1699829101562 20.5299987792969 20.5299987792969 25.3200073242188 25.3200073242188 25.5 25.5 27.6199951171875 27.6199951171875 29.8200073242188 29.8200073242188 0 0 23.3999938964844 23.3999938964844 17.5199890136719 17.5199890136719 19.0799865722656 19.0799865722656 13.97998046875 13.97998046875 12.0800170898438 12.0800170898438 9.83999633789062 9.83999633789062 11.0899963378906 11.0899963378906 0.959991455078125
23.0800170898438 23.0800170898438 21.8499755859375 21.8499755859375 23.3099975585938 23.3099975585938 24.3000183105469 24.3000183105469 23.219970703125 23.219970703125 10.6600036621094 10.6600036621094 24.9700012207031 24.9700012207031 3.29000854492188 3.29000854492188 21.5700073242188 21.5700073242188 19.8999938964844 19.8999938964844 26.5900268554688 26.5900268554688 27.1699829101562 27.1699829101562 20.5299987792969 20.5299987792969 25.3200073242188 25.3200073242188 25.5 25.5 27.6199951171875 27.6199951171875 29.8200073242188 29.8200073242188 0 0 23.3999938964844 23.3999938964844 17.5199890136719 17.5199890136719 19.0799865722656 19.0799865722656 13.97998046875 13.97998046875 12.0800170898438 12.0800170898438 9.83999633789062 9.83999633789062 11.0899963378906 11.0899963378906 0.959991455078125
15.6799926757812 15.6799926757812 17.5499877929688 17.5499877929688 19.3800048828125 19.3800048828125 26.6700134277344 26.6700134277344 24.3399963378906 24.3399963378906 21.239990234375 21.239990234375 21.8500061035156 21.8500061035156 27.5299987792969 27.5299987792969 21.6600036621094 21.6600036621094 18.3699951171875 18.3699951171875 22.0700073242188 22.0700073242188 23.5799865722656 23.5799865722656 22.6300048828125 22.6300048828125 20.4800109863281 20.4800109863281 4.64999389648438 4.64999389648438 25.7999877929688 25.7999877929688 25.3200073242188 25.3200073242188 21.5599975585938 21.5599975585938 24.1699829101562 24.1699829101562 15.1299743652344 15.1299743652344 21.9800109863281 21.9800109863281 9.6300048828125 9.6300048828125 14.4700012207031 14.4700012207031 7.90997314453125 7.90997314453125 14.25 14.25 1.92001342773438
15.6799926757812 15.6799926757812 17.5499877929688 17.5499877929688 19.3800048828125 19.3800048828125 26.6700134277344 26.6700134277344 24.3399963378906 24.3399963378906 21.239990234375 21.239990234375 21.8500061035156 21.8500061035156 27.5299987792969 27.5299987792969 21.6600036621094 21.6600036621094 18.3699951171875 18.3699951171875 22.0700073242188 22.0700073242188 23.5799865722656 23.5799865722656 22.6300048828125 22.6300048828125 20.4800109863281 20.4800109863281 4.64999389648438 4.64999389648438 25.7999877929688 25.7999877929688 25.3200073242188 25.3200073242188 21.5599975585938 21.5599975585938 24.1699829101562 24.1699829101562 15.1299743652344 15.1299743652344 21.9800109863281 21.9800109863281 9.6300048828125 9.6300048828125 14.4700012207031 14.4700012207031 7.90997314453125 7.90997314453125 14.25 14.25 1.92001342773438
25.0199890136719 25.0199890136719 25.8199768066406 25.8199768066406 18.22998046875 18.22998046875 22.5400085449219 22.5400085449219 22.1600036621094 22.1600036621094 20.5299987792969 20.5299987792969 23.8200073242188 23.8200073242188 24.1600036621094 24.1600036621094 18.3999938964844 18.3999938964844 23 23 16.6700134277344 16.6700134277344 15.7200012207031 15.7200012207031 16.260009765625 16.260009765625 9.27001953125 9.27001953125 15.4800109863281 15.4800109863281 21.2599792480469 21.2599792480469 15.489990234375 15.489990234375 8.05999755859375 8.05999755859375 21.5799865722656 21.5799865722656 7.89999389648438 7.89999389648438 23.7200012207031 23.7200012207031 24.3800048828125 24.3800048828125 21.9600219726562 21.9600219726562 1.30999755859375 1.30999755859375 16.5599975585938 16.5599975585938 0
25.0199890136719 25.0199890136719 25.8199768066406 25.8199768066406 18.22998046875 18.22998046875 22.5400085449219 22.5400085449219 22.1600036621094 22.1600036621094 20.5299987792969 20.5299987792969 23.8200073242188 23.8200073242188 24.1600036621094 24.1600036621094 18.3999938964844 18.3999938964844 23 23 16.6700134277344 16.6700134277344 15.7200012207031 15.7200012207031 16.260009765625 16.260009765625 9.27001953125 9.27001953125 15.4800109863281 15.4800109863281 21.2599792480469 21.2599792480469 15.489990234375 15.489990234375 8.05999755859375 8.05999755859375 21.5799865722656 21.5799865722656 7.89999389648438 7.89999389648438 23.7200012207031 23.7200012207031 24.3800048828125 24.3800048828125 21.9600219726562 21.9600219726562 1.30999755859375 1.30999755859375 16.5599975585938 16.5599975585938 0
24.5 24.5 24.7000122070312 24.7000122070312 25.2200012207031 25.2200012207031 24.4800109863281 24.4800109863281 24.3199768066406 24.3199768066406 19.5299987792969 19.5299987792969 22.9100036621094 22.9100036621094 22.5599975585938 22.5599975585938 20.5699768066406 20.5699768066406 24.2100219726562 24.2100219726562 22.3999938964844 22.3999938964844 17.3299865722656 17.3299865722656 18.4200134277344 18.4200134277344 26.9299926757812 26.9299926757812 3.91998291015625 3.91998291015625 16.6100158691406 16.6100158691406 19.0499877929688 19.0499877929688 0.399993896484375 0.399993896484375 18.6000061035156 18.6000061035156 24.52001953125 24.52001953125 24.4099731445312 24.4099731445312 25.2799987792969 25.2799987792969 24.8999938964844 24.8999938964844 25.6799926757812 25.6799926757812 28.6499938964844 28.6499938964844 25.6400146484375
24.5 24.5 24.7000122070312 24.7000122070312 25.2200012207031 25.2200012207031 24.4800109863281 24.4800109863281 24.3199768066406 24.3199768066406 19.5299987792969 19.5299987792969 22.9100036621094 22.9100036621094 22.5599975585938 22.5599975585938 20.5699768066406 20.5699768066406 24.2100219726562 24.2100219726562 22.3999938964844 22.3999938964844 17.3299865722656 17.3299865722656 18.4200134277344 18.4200134277344 26.9299926757812 26.9299926757812 3.91998291015625 3.91998291015625 16.6100158691406 16.6100158691406 19.0499877929688 19.0499877929688 0.399993896484375 0.399993896484375 18.6000061035156 18.6000061035156 24.52001953125 24.52001953125 24.4099731445312 24.4099731445312 25.2799987792969 25.2799987792969 24.8999938964844 24.8999938964844 25.6799926757812 25.6799926757812 28.6499938964844 28.6499938964844 25.6400146484375
28.8900146484375 28.8900146484375 25.7900085449219 25.7900085449219 28.2799987792969 28.2799987792969 18.1199951171875 18.1199951171875 19.9499816894531 19.9499816894531 16.1499938964844 16.1499938964844 12.760009765625 12.760009765625 19.9599914550781 19.9599914550781 21.1100158691406 21.1100158691406 24.1300048828125 24.1300048828125 25.6600036621094 25.6600036621094 24 24 24.2799987792969 24.2799987792969 19.6300048828125 19.6300048828125 24.0599975585938 24.0599975585938 20.0999755859375 20.0999755859375 23.739990234375 23.739990234375 19.0199890136719 19.0199890136719 21.4000244140625 21.4000244140625 21.2400207519531 21.2400207519531 27.2000122070312 27.2000122070312 24.7999877929688 24.7999877929688 29.5500183105469 29.5500183105469 25.5199890136719 25.5199890136719 25.5599975585938 25.5599975585938 25.6100158691406
28.8900146484375 28.8900146484375 25.7900085449219 25.7900085449219 28.2799987792969 28.2799987792969 18.1199951171875 18.1199951171875 19.9499816894531 19.9499816894531 16.1499938964844 16.1499938964844 12.760009765625 12.760009765625 19.9599914550781 19.9599914550781 21.1100158691406 21.1100158691406 24.1300048828125 24.1300048828125 25.6600036621094 25.6600036621094 24 24 24.2799987792969 24.2799987792969 19.6300048828125 19.6300048828125 24.0599975585938 24.0599975585938 20.0999755859375 20.0999755859375 23.739990234375 23.739990234375 19.0199890136719 19.0199890136719 21.4000244140625 21.4000244140625 21.2400207519531 21.2400207519531 27.2000122070312 27.2000122070312 24.7999877929688 24.7999877929688 29.5500183105469 29.5500183105469 25.5199890136719 25.5199890136719 25.5599975585938 25.5599975585938 25.6100158691406
27.5299987792969 27.5299987792969 28.239990234375 28.239990234375 24.1499938964844 24.1499938964844 22.75 22.75 22.2200012207031 22.2200012207031 19.8999938964844 19.8999938964844 20.75 20.75 18.1499938964844 18.1499938964844 23.2099914550781 23.2099914550781 22.9800109863281 22.9800109863281 22.6799926757812 22.6799926757812 23.9400024414062 23.9400024414062 19.1700134277344 19.1700134277344 24.6999816894531 24.6999816894531 23.5099792480469 23.5099792480469 26.1999816894531 26.1999816894531 23.8699951171875 23.8699951171875 26.3099975585938 26.3099975585938 23.5500183105469 23.5500183105469 23.7599792480469 23.7599792480469 22.4100036621094 22.4100036621094 25.5499877929688 25.5499877929688 15.9700012207031 15.9700012207031 23.6600036621094 23.6600036621094 22.5699768066406 22.5699768066406 24.7899780273438
27.5299987792969 27.5299987792969 28.239990234375 28.239990234375 24.1499938964844 24.1499938964844 22.75 22.75 22.2200012207031 22.2200012207031 19.8999938964844 19.8999938964844 20.75 20.75 18.1499938964844 18.1499938964844 23.2099914550781 23.2099914550781 22.9800109863281 22.9800109863281 22.6799926757812 22.6799926757812 23.9400024414062 23.9400024414062 19.1700134277344 19.1700134277344 24.6999816894531 24.6999816894531 23.5099792480469 23.5099792480469 26.1999816894531 26.1999816894531 23.8699951171875 23.8699951171875 26.3099975585938 26.3099975585938 23.5500183105469 23.5500183105469 23.7599792480469 23.7599792480469 22.4100036621094 22.4100036621094 25.5499877929688 25.5499877929688 15.9700012207031 15.9700012207031 23.6600036621094 23.6600036621094 22.5699768066406 22.5699768066406 24.7899780273438
30.8099975585938 30.8099975585938 20.8699951171875 20.8699951171875 30.9700012207031 30.9700012207031 21.1699829101562 21.1699829101562 24.8099975585938 24.8099975585938 23.1500244140625 23.1500244140625 23.6599731445312 23.6599731445312 15.8099975585938 15.8099975585938 24.0299987792969 24.0299987792969 17.9700012207031 17.9700012207031 20.2900085449219 20.2900085449219 21.7799987792969 21.7799987792969 10.5499877929688 10.5499877929688 21.8399963378906 21.8399963378906 22.3800048828125 22.3800048828125 24.5899963378906 24.5899963378906 14.1099853515625 14.1099853515625 20.7000122070312 20.7000122070312 0 0 8.89999389648438 8.89999389648438 12.8200073242188 12.8200073242188 20.3500061035156 20.3500061035156 13.5500183105469 13.5500183105469 14.7699890136719 14.7699890136719 27.9500122070312 27.9500122070312 20.8000183105469
30.8099975585938 30.8099975585938 20.8699951171875 20.8699951171875 30.9700012207031 30.9700012207031 21.1699829101562 21.1699829101562 24.8099975585938 24.8099975585938 23.1500244140625 23.1500244140625 23.6599731445312 23.6599731445312 15.8099975585938 15.8099975585938 24.0299987792969 24.0299987792969 17.9700012207031 17.9700012207031 20.2900085449219 20.2900085449219 21.7799987792969 21.7799987792969 10.5499877929688 10.5499877929688 21.8399963378906 21.8399963378906 22.3800048828125 22.3800048828125 24.5899963378906 24.5899963378906 14.1099853515625 14.1099853515625 20.7000122070312 20.7000122070312 0 0 8.89999389648438 8.89999389648438 12.8200073242188 12.8200073242188 20.3500061035156 20.3500061035156 13.5500183105469 13.5500183105469 14.7699890136719 14.7699890136719 27.9500122070312 27.9500122070312 20.8000183105469
0.6400146484375 0.6400146484375 20.7899780273438 20.7899780273438 28.9600219726562 28.9600219726562 24.239990234375 24.239990234375 26.9099731445312 26.9099731445312 27.7200012207031 27.7200012207031 22.5 22.5 24.2900085449219 24.2900085449219 12.8399963378906 12.8399963378906 22.6299743652344 22.6299743652344 23.5999755859375 23.5999755859375 2.010009765625 2.010009765625 18.1499938964844 18.1499938964844 20.4100036621094 20.4100036621094 18.2900085449219 18.2900085449219 22.2900085449219 22.2900085449219 19.6000061035156 19.6000061035156 12.2699890136719 12.2699890136719 23.4800109863281 23.4800109863281 19.1399841308594 19.1399841308594 14.3900146484375 14.3900146484375 22.9500122070312 22.9500122070312 19.2099914550781 19.2099914550781 19.4100036621094 19.4100036621094 23.3200073242188 23.3200073242188 22.5599975585938
0.6400146484375 0.6400146484375 20.7899780273438 20.7899780273438 28.9600219726562 28.9600219726562 24.239990234375 24.239990234375 26.9099731445312 26.9099731445312 27.7200012207031 27.7200012207031 22.5 22.5 24.2900085449219 24.2900085449219 12.8399963378906 12.8399963378906 22.6299743652344 22.6299743652344 23.5999755859375 23.5999755859375 2.010009765625 2.010009765625 18.1499938964844 18.1499938964844 20.4100036621094 20.4100036621094 18.2900085449219 18.2900085449219 22.2900085449219 22.2900085449219 19.6000061035156 19.6000061035156 12.2699890136719 12.2699890136719 23.4800109863281 23.4800109863281 19.1399841308594 19.1399841308594 14.3900146484375 14.3900146484375 22.9500122070312 22.9500122070312 19.2099914550781 19.2099914550781 19.4100036621094 19.4100036621094 23.3200073242188 23.3200073242188 22.5599975585938
26.8899841308594 26.8899841308594 24.3800048828125 24.3800048828125 27.3999938964844 27.3999938964844 27.0400085449219 27.0400085449219 23.02001953125 23.02001953125 20.5900268554688 20.5900268554688 24.5800170898438 24.5800170898438 19.5299987792969 19.5299987792969 17.8200073242188 17.8200073242188 0 0 22.8999938964844 22.8999938964844 20.3000183105469 20.3000183105469 13.4100036621094 13.4100036621094 20.5299987792969 20.5299987792969 20.7699890136719 20.7699890136719 22.5700073242188 22.5700073242188 16.9800109863281 16.9800109863281 22.2100219726562 22.2100219726562 19.6499938964844 19.6499938964844 19.0400085449219 19.0400085449219 20.5800170898438 20.5800170898438 20.9599914550781 20.9599914550781 15 15 20.0700073242188 20.0700073242188 19.2200012207031 19.2200012207031 17.9299926757812
26.8899841308594 26.8899841308594 24.3800048828125 24.3800048828125 27.3999938964844 27.3999938964844 27.0400085449219 27.0400085449219 23.02001953125 23.02001953125 20.5900268554688 20.5900268554688 24.5800170898438 24.5800170898438 19.5299987792969 19.5299987792969 17.8200073242188 17.8200073242188 0 0 22.8999938964844 22.8999938964844 20.3000183105469 20.3000183105469 13.4100036621094 13.4100036621094 20.5299987792969 20.5299987792969 20.7699890136719 20.7699890136719 22.5700073242188 22.5700073242188 16.9800109863281 16.9800109863281 22.2100219726562 22.2100219726562 19.6499938964844 19.6499938964844 19.0400085449219 19.0400085449219 20.5800170898438 20.5800170898438 20.9599914550781 20.9599914550781 15 15 20.0700073242188 20.0700073242188 19.2200012207031 19.2200012207031 17.9299926757812
32.4200134277344 32.4200134277344 18.6100158691406 18.6100158691406 23.1900024414062 23.1900024414062 11.8800048828125 11.8800048828125 22.6999816894531 22.6999816894531 27.22998046875 27.22998046875 26.8799743652344 26.8799743652344 17.9800109863281 17.9800109863281 18.1699829101562 18.1699829101562 15.5199890136719 15.5199890136719 24.010009765625 24.010009765625 20.2900085449219 20.2900085449219 19.3000183105469 19.3000183105469 14.8299865722656 14.8299865722656 20.1499938964844 20.1499938964844 7.25 7.25 14.9600219726562 14.9600219726562 21.9900207519531 21.9900207519531 24.5899963378906 24.5899963378906 15.0800170898438 15.0800170898438 8.39999389648438 8.39999389648438 21.0699768066406 21.0699768066406 23.7100219726562 23.7100219726562 1.82998657226562 1.82998657226562 19.3300170898438 19.3300170898438 20.239990234375
32.4200134277344 32.4200134277344 18.6100158691406 18.6100158691406 23.1900024414062 23.1900024414062 11.8800048828125 11.8800048828125 22.6999816894531 22.6999816894531 27.22998046875 27.22998046875 26.8799743652344 26.8799743652344 17.9800109863281 17.9800109863281 18.1699829101562 18.1699829101562 15.5199890136719 15.5199890136719 24.010009765625 24.010009765625 20.2900085449219 20.2900085449219 19.3000183105469 19.3000183105469 14.8299865722656 14.8299865722656 20.1499938964844 20.1499938964844 7.25 7.25 14.9600219726562 14.9600219726562 21.9900207519531 21.9900207519531 24.5899963378906 24.5899963378906 15.0800170898438 15.0800170898438 8.39999389648438 8.39999389648438 21.0699768066406 21.0699768066406 23.7100219726562 23.7100219726562 1.82998657226562 1.82998657226562 19.3300170898438 19.3300170898438 20.239990234375
28.7799987792969 28.7799987792969 28.25 28.25 24.25 24.25 23.7099914550781 23.7099914550781 25.1699829101562 25.1699829101562 18.7300109863281 18.7300109863281 19.72998046875 19.72998046875 14.5599975585938 14.5599975585938 22.4100036621094 22.4100036621094 20.1799926757812 20.1799926757812 9.79998779296875 9.79998779296875 21.1700134277344 21.1700134277344 20.6400146484375 20.6400146484375 21.0899963378906 21.0899963378906 20.6799926757812 20.6799926757812 21.0299987792969 21.0299987792969 17.9700012207031 17.9700012207031 15.6199951171875 15.6199951171875 22.6700134277344 22.6700134277344 11.010009765625 11.010009765625 19.239990234375 19.239990234375 17.3800048828125 17.3800048828125 22.8800048828125 22.8800048828125 21.8399963378906 21.8399963378906 21.219970703125 21.219970703125 21.6899719238281
28.7799987792969 28.7799987792969 28.25 28.25 24.25 24.25 23.7099914550781 23.7099914550781 25.1699829101562 25.1699829101562 18.7300109863281 18.7300109863281 19.72998046875 19.72998046875 14.5599975585938 14.5599975585938 22.4100036621094 22.4100036621094 20.1799926757812 20.1799926757812 9.79998779296875 9.79998779296875 21.1700134277344 21.1700134277344 20.6400146484375 20.6400146484375 21.0899963378906 21.0899963378906 20.6799926757812 20.6799926757812 21.0299987792969 21.0299987792969 17.9700012207031 17.9700012207031 15.6199951171875 15.6199951171875 22.6700134277344 22.6700134277344 11.010009765625 11.010009765625 19.239990234375 19.239990234375 17.3800048828125 17.3800048828125 22.8800048828125 22.8800048828125 21.8399963378906 21.8399963378906 21.219970703125 21.219970703125 21.6899719238281
