Application/input/B/tree-height.asc
NCOLS 200 
NROWS 200 
XLLCORNER 451660.00012207 
YLLCORNER 5642455.00012207 
CELLSIZE 5 
NODATA_value -3.4e+38 
[rows 22 to 43 of 200, columns 51 to 101 of 200]
11.0099792480469 11.0099792480469 7.16000366210938 7.16000366210938 4.8800048828125 4.8800048828125 14.7100219726562 14.7100219726562 13.6999816894531 13.6999816894531 15.5299987792969 15.5299987792969 14 14 16.4299926757812 16.4299926757812 13.6499938964844 13.6499938964844 11.2999877929688 11.2999877929688 8.04998779296875 8.04998779296875 15.8399963378906 15.8399963378906 10.0399780273438 10.0399780273438 1.47000122070312 1.47000122070312 23.1799926757812 23.1799926757812 14.4499816894531 14.4499816894531 18.4100036621094 18.4100036621094 8.04998779296875 8.04998779296875 18.4299926757812 18.4299926757812 5.44000244140625 5.44000244140625 0.55999755859375 0.55999755859375 0.449981689453125 0.449981689453125 0.050018310546875 0.050018310546875 0 0 0.04998779296875 0.04998779296875 0
11.0099792480469 11.0099792480469 7.16000366210938 7.16000366210938 4.8800048828125 4.8800048828125 14.7100219726562 14.7100219726562 13.6999816894531 13.6999816894531 15.5299987792969 15.5299987792969 14 14 16.4299926757812 16.4299926757812 13.6499938964844 13.6499938964844 11.2999877929688 11.2999877929688 8.04998779296875 8.04998779296875 15.8399963378906 15.8399963378906 10.0399780273438 10.0399780273438 1.47000122070312 1.47000122070312 23.1799926757812 23.1799926757812 14.4499816894531 14.4499816894531 18.4100036621094 18.4100036621094 8.04998779296875 8.04998779296875 18.4299926757812 18.4299926757812 5.44000244140625 5.44000244140625 0.55999755859375 0.55999755859375 0.449981689453125 0.449981689453125 0.050018310546875 0.050018310546875 0 0 0.04998779296875 0.04998779296875 0
10.6799926757812 10.6799926757812 10.6499938964844 10.6499938964844 8.8699951171875 8.8699951171875 10.7799987792969 10.7799987792969 9.510009765625 9.510009765625 14.2999877929688 14.2999877929688 13.0399780273438 13.0399780273438 11.5399780273438 11.5399780273438 12.1099853515625 12.1099853515625 10.3800048828125 10.3800048828125 14.1799926757812 14.1799926757812 0.019989013671875 0.019989013671875 19.1300048828125 19.1300048828125 9.44000244140625 9.44000244140625 0 0 22.2000122070312 22.2000122070312 15.7900085449219 15.7900085449219 15.4500122070312 15.4500122070312 0.029998779296875 0.029998779296875 2.989990234375 2.989990234375 10.5 10.5 10.1499938964844 10.1499938964844 0.300018310546875 0.300018310546875 0 0 0 0 0
10.6799926757812 10.6799926757812 10.6499938964844 10.6499938964844 8.8699951171875 8.8699951171875 10.7799987792969 10.7799987792969 9.510009765625 9.510009765625 14.2999877929688 14.2999877929688 13.0399780273438 13.0399780273438 11.5399780273438 11.5399780273438 12.1099853515625 12.1099853515625 10.3800048828125 10.3800048828125 14.1799926757812 14.1799926757812 0.019989013671875 0.019989013671875 19.1300048828125 19.1300048828125 9.44000244140625 9.44000244140625 0 0 22.2000122070312 22.2000122070312 15.7900085449219 15.7900085449219 15.4500122070312 15.4500122070312 0.029998779296875 0.029998779296875 2.989990234375 2.989990234375 10.5 10.5 10.1499938964844 10.1499938964844 0.300018310546875 0.300018310546875 0 0 0 0 0
17.4700012207031 17.4700012207031 8.50997924804688 8.50997924804688 26.0700073242188 26.0700073242188 8.19000244140625 8.19000244140625 10.8599853515625 10.8599853515625 15.7000122070312 15.7000122070312 12.1600036621094 12.1600036621094 10.5800170898438 10.5800170898438 10.5299987792969 10.5299987792969 17.3099975585938 17.3099975585938 12.1900024414062 12.1900024414062 0 0 0.290008544921875 0.290008544921875 12.5 12.5 14.9299926757812 14.9299926757812 9.26998901367188 9.26998901367188 18.8099975585938 18.8099975585938 0.260009765625 0.260009765625 0 0 0 0 0 0 2.07000732421875 2.07000732421875 10.4400024414062 10.4400024414062 7.56002807617188 7.56002807617188 0.009979248046875 0.009979248046875 0
17.4700012207031 17.4700012207031 8.50997924804688 8.50997924804688 26.0700073242188 26.0700073242188 8.19000244140625 8.19000244140625 10.8599853515625 10.8599853515625 15.7000122070312 15.7000122070312 12.1600036621094 12.1600036621094 10.5800170898438 10.5800170898438 10.5299987792969 10.5299987792969 17.3099975585938 17.3099975585938 12.1900024414062 12.1900024414062 0 0 0.290008544921875 0.290008544921875 12.5 12.5 14.9299926757812 14.9299926757812 9.26998901367188 9.26998901367188 18.8099975585938 18.8099975585938 0.260009765625 0.260009765625 0 0 0 0 0 0 2.07000732421875 2.07000732421875 10.4400024414062 10.4400024414062 7.56002807617188 7.56002807617188 0.009979248046875 0.009979248046875 0
23.3999938964844 23.3999938964844 13.9500122070312 13.9500122070312 28.4500122070312 28.4500122070312 29.0999755859375 29.0999755859375 19.4400024414062 19.4400024414062 8.42999267578125 8.42999267578125 31.6700134277344 31.6700134277344 12.1100158691406 12.1100158691406 13.8700256347656 13.8700256347656 2.33999633789062 2.33999633789062 20.0399780273438 20.0399780273438 6.52999877929688 6.52999877929688 0.3900146484375 0.3900146484375 2.760009765625 2.760009765625 5.6099853515625 5.6099853515625 3.82998657226562 3.82998657226562 7.42999267578125 7.42999267578125 0.100006103515625 0.100006103515625 0 0 0 0 0 0 0 0 2.42999267578125 2.42999267578125 10.0899963378906 10.0899963378906 11.1799926757812 11.1799926757812 5.27999877929688
23.3999938964844 23.3999938964844 13.9500122070312 13.9500122070312 28.4500122070312 28.4500122070312 29.0999755859375 29.0999755859375 19.4400024414062 19.4400024414062 8.42999267578125 8.42999267578125 31.6700134277344 31.6700134277344 12.1100158691406 12.1100158691406 13.8700256347656 13.8700256347656 2.33999633789062 2.33999633789062 20.0399780273438 20.0399780273438 6.52999877929688 6.52999877929688 0.3900146484375 0.3900146484375 2.760009765625 2.760009765625 5.6099853515625 5.6099853515625 3.82998657226562 3.82998657226562 7.42999267578125 7.42999267578125 0.100006103515625 0.100006103515625 0 0 0 0 0 0 0 0 2.42999267578125 2.42999267578125 10.0899963378906 10.0899963378906 11.1799926757812 11.1799926757812 5.27999877929688
25.6400146484375 25.6400146484375 27.1799926757812 27.1799926757812 27.1099853515625 27.1099853515625 12.5299987792969 12.5299987792969 1.8900146484375 1.8900146484375 7.6300048828125 7.6300048828125 1.53997802734375 1.53997802734375 20.5400085449219 20.5400085449219 33.0199890136719 33.0199890136719 4.1199951171875 4.1199951171875 0 0 1.64999389648438 1.64999389648438 1.82000732421875 1.82000732421875 12.8299865722656 12.8299865722656 1.45001220703125 1.45001220703125 4.02001953125 4.02001953125 9.29000854492188 9.29000854492188 0.009979248046875 0.009979248046875 0 0 0 0 0 0 0 0 0.04998779296875 0.04998779296875 0 0 15.3699951171875 15.3699951171875 17.9099731445312
25.6400146484375 25.6400146484375 27.1799926757812 27.1799926757812 27.1099853515625 27.1099853515625 12.5299987792969 12.5299987792969 1.8900146484375 1.8900146484375 7.6300048828125 7.6300048828125 1.53997802734375 1.53997802734375 20.5400085449219 20.5400085449219 33.0199890136719 33.0199890136719 4.1199951171875 4.1199951171875 0 0 1.64999389648438 1.64999389648438 1.82000732421875 1.82000732421875 12.8299865722656 12.8299865722656 1.45001220703125 1.45001220703125 4.02001953125 4.02001953125 9.29000854492188 9.29000854492188 0.009979248046875 0.009979248046875 0 0 0 0 0 0 0 0 0.04998779296875 0.04998779296875 0 0 15.3699951171875 15.3699951171875 17.9099731445312
12.6800231933594 12.6800231933594 30.5699768066406 30.5699768066406 26.4499816894531 26.4499816894531 27.6700134277344 27.6700134277344 25.5499877929688 25.5499877929688 29.3099975585938 29.3099975585938 25.4800109863281 25.4800109863281 18.1699829101562 18.1699829101562 26.4100036621094 26.4100036621094 23.3200073242188 23.3200073242188 26.4499816894531 26.4499816894531 14.6200256347656 14.6200256347656 3.83001708984375 3.83001708984375 0.32000732421875 0.32000732421875 23.1199951171875 23.1199951171875 30.0700073242188 30.0700073242188 22.75 22.75 7 7 0 0 0 0 0 0 0 0 0.04998779296875 0.04998779296875 0 0 0 0 3.21002197265625
12.6800231933594 12.6800231933594 30.5699768066406 30.5699768066406 26.4499816894531 26.4499816894531 27.6700134277344 27.6700134277344 25.5499877929688 25.5499877929688 29.3099975585938 29.3099975585938 25.4800109863281 25.4800109863281 18.1699829101562 18.1699829101562 26.4100036621094 26.4100036621094 23.3200073242188 23.3200073242188 26.4499816894531 26.4499816894531 14.6200256347656 14.6200256347656 3.83001708984375 3.83001708984375 0.32000732421875 0.32000732421875 23.1199951171875 23.1199951171875 30.0700073242188 30.0700073242188 22.75 22.75 7 7 0 0 0 0 0 0 0 0 0.04998779296875 0.04998779296875 0 0 0 0 3.21002197265625
26.5199890136719 26.5199890136719 23.27001953125 23.27001953125 27.52001953125 27.52001953125 27.0400085449219 27.0400085449219 22.3099975585938 22.3099975585938 19.1100158691406 19.1100158691406 21.6600036621094 21.6600036621094 28.6100158691406 28.6100158691406 26.5599975585938 26.5599975585938 29.260009765625 29.260009765625 26.1799926757812 26.1799926757812 36.2200012207031 36.2200012207031 0.459991455078125 0.459991455078125 0 0 1.8499755859375 1.8499755859375 9.88998413085938 9.88998413085938 22.4100036621094 22.4100036621094 16.1600036621094 16.1600036621094 0 0 0 0 0 0 0 0 0.029998779296875 0.029998779296875 0 0 0 0 0
26.5199890136719 26.5199890136719 23.27001953125 23.27001953125 27.52001953125 27.52001953125 27.0400085449219 27.0400085449219 22.3099975585938 22.3099975585938 19.1100158691406 19.1100158691406 21.6600036621094 21.6600036621094 28.6100158691406 28.6100158691406 26.5599975585938 26.5599975585938 29.260009765625 29.260009765625 26.1799926757812 26.1799926757812 36.2200012207031 36.2200012207031 0.459991455078125 0.459991455078125 0 0 1.8499755859375 1.8499755859375 9.88998413085938 9.88998413085938 22.4100036621094 22.4100036621094 16.1600036621094 16.1600036621094 0 0 0 0 0 0 0 0 0.029998779296875 0.029998779296875 0 0 0 0 0
24.2300109863281 24.2300109863281 24.0400085449219 24.0400085449219 27 27 22.6499938964844 22.6499938964844 25.2900085449219 25.2900085449219 27.75 27.75 25.3099975585938 25.3099975585938 28.8900146484375 28.8900146484375 28.8099975585938 28.8099975585938 28.1799926757812 28.1799926757812 11.0299987792969 11.0299987792969 36.4399719238281 36.4399719238281 1.25 1.25 17.5400085449219 17.5400085449219 0 0 28.6100158691406 28.6100158691406 0 0 22.9800109863281 22.9800109863281 13.6800231933594 13.6800231933594 0 0 0 0 0 0 0.030029296875 0.030029296875 0 0 0.010009765625 0.010009765625 0
24.2300109863281 24.2300109863281 24.0400085449219 24.0400085449219 27 27 22.6499938964844 22.6499938964844 25.2900085449219 25.2900085449219 27.75 27.75 25.3099975585938 25.3099975585938 28.8900146484375 28.8900146484375 28.8099975585938 28.8099975585938 28.1799926757812 28.1799926757812 11.0299987792969 11.0299987792969 36.4399719238281 36.4399719238281 1.25 1.25 17.5400085449219 17.5400085449219 0 0 28.6100158691406 28.6100158691406 0 0 22.9800109863281 22.9800109863281 13.6800231933594 13.6800231933594 0 0 0 0 0 0 0.030029296875 0.030029296875 0 0 0.010009765625 0.010009765625 0
27.0599975585938 27.0599975585938 26.1300048828125 26.1300048828125 14.5099792480469 14.5099792480469 30.989990234375 30.989990234375 25.9200134277344 25.9200134277344 23.8299865722656 23.8299865722656 28.4100036621094 28.4100036621094 33.239990234375 33.239990234375 31.0499877929688 31.0499877929688 29.8500061035156 29.8500061035156 31.7799987792969 31.7799987792969 33 33 33.9100036621094 33.9100036621094 20.6000061035156 20.6000061035156 28.6600036621094 28.6600036621094 0.899993896484375 0.899993896484375 29.8900146484375 29.8900146484375 28.0400085449219 28.0400085449219 21.7300109863281 21.7300109863281 0.010009765625 0.010009765625 0 0 0 0 0.04998779296875 0.04998779296875 0 0 0 0 0
27.0599975585938 27.0599975585938 26.1300048828125 26.1300048828125 14.5099792480469 14.5099792480469 30.989990234375 30.989990234375 25.9200134277344 25.9200134277344 23.8299865722656 23.8299865722656 28.4100036621094 28.4100036621094 33.239990234375 33.239990234375 31.0499877929688 31.0499877929688 29.8500061035156 29.8500061035156 31.7799987792969 31.7799987792969 33 33 33.9100036621094 33.9100036621094 20.6000061035156 20.6000061035156 28.6600036621094 28.6600036621094 0.899993896484375 0.899993896484375 29.8900146484375 29.8900146484375 28.0400085449219 28.0400085449219 21.7300109863281 21.7300109863281 0.010009765625 0.010009765625 0 0 0 0 0.04998779296875 0.04998779296875 0 0 0 0 0
27.239990234375 27.239990234375 22.5599975585938 22.5599975585938 25.5799865722656 25.5799865722656 28.7699890136719 28.7699890136719 18.0800170898438 18.0800170898438 3.58001708984375 3.58001708984375 29.0299987792969 29.0299987792969 31.3800048828125 31.3800048828125 29.4599914550781 29.4599914550781 31.5 31.5 32.2899780273438 32.2899780273438 29.5599975585938 29.5599975585938 36.3999938964844 36.3999938964844 33.5199890136719 33.5199890136719 7.66000366210938 7.66000366210938 26.3899841308594 26.3899841308594 32.0599975585938 32.0599975585938 24.5799865722656 24.5799865722656 23.8399963378906 23.8399963378906 19.47998046875 19.47998046875 23.0199890136719 23.0199890136719 2.31997680664062 2.31997680664062 0.029998779296875 0.029998779296875 0 0 0 0 0
27.239990234375 27.239990234375 22.5599975585938 22.5599975585938 25.5799865722656 25.5799865722656 28.7699890136719 28.7699890136719 18.0800170898438 18.0800170898438 3.58001708984375 3.58001708984375 29.0299987792969 29.0299987792969 31.3800048828125 31.3800048828125 29.4599914550781 29.4599914550781 31.5 31.5 32.2899780273438 32.2899780273438 29.5599975585938 29.5599975585938 36.3999938964844 36.3999938964844 33.5199890136719 33.5199890136719 7.66000366210938 7.66000366210938 26.3899841308594 26.3899841308594 32.0599975585938 32.0599975585938 24.5799865722656 24.5799865722656 23.8399963378906 23.8399963378906 19.47998046875 19.47998046875 23.0199890136719 23.0199890136719 2.31997680664062 2.31997680664062 0.029998779296875 0.029998779296875 0 0 0 0 0
22.6099853515625 22.6099853515625 26.47998046875 26.47998046875 24.3999938964844 24.3999938964844 0 0 24.989990234375 24.989990234375 29.3300170898438 29.3300170898438 32.0900268554688 32.0900268554688 28.2999877929688 28.2999877929688 31.9700012207031 31.9700012207031 25.2200012207031 25.2200012207031 17.6099853515625 17.6099853515625 31.9100036621094 31.9100036621094 36.3599853515625 36.3599853515625 34.8900146484375 34.8900146484375 17.760009765625 17.760009765625 16.9299926757812 16.9299926757812 6.54000854492188 6.54000854492188 20.6000061035156 20.6000061035156 29.25 29.25 5.96002197265625 5.96002197265625 0 0 0 0 0.220001220703125 0.220001220703125 2.3699951171875 2.3699951171875 0 0 0
22.6099853515625 22.6099853515625 26.47998046875 26.47998046875 24.3999938964844 24.3999938964844 0 0 24.989990234375 24.989990234375 29.3300170898438 29.3300170898438 32.0900268554688 32.0900268554688 28.2999877929688 28.2999877929688 31.9700012207031 31.9700012207031 25.2200012207031 25.2200012207031 17.6099853515625 17.6099853515625 31.9100036621094 31.9100036621094 36.3599853515625 36.3599853515625 34.8900146484375 34.8900146484375 17.760009765625 17.760009765625 16.9299926757812 16.9299926757812 6.54000854492188 6.54000854492188 20.6000061035156 20.6000061035156 29.25 29.25 5.96002197265625 5.96002197265625 0 0 0 0 0.220001220703125 0.220001220703125 2.3699951171875 2.3699951171875 0 0 0
