Application/input/B/tree-height.asc
NCOLS 200 
NROWS 200 
XLLCORNER 451660.00012207 
YLLCORNER 5642455.00012207 
CELLSIZE 5 
NODATA_value -3.4e+38 
[rows 44 to 65 of 200, columns 51 to 101 of 200]
20.9400024414062 20.9400024414062 25.1499938964844 25.1499938964844 25.9100036621094 25.9100036621094 24.510009765625 24.510009765625 29.3699951171875 29.3699951171875 32.0699768066406 32.0699768066406 29 29 30.0999755859375 30.0999755859375 31.3999938964844 31.3999938964844 33.2799987792969 33.2799987792969 33.2999877929688 33.2999877929688 32.8299865722656 32.8299865722656 35.8700256347656 35.8700256347656 27.2999877929688 27.2999877929688 32.8000183105469 32.8000183105469 8.17001342773438 8.17001342773438 24.2200012207031 24.2200012207031 32.6400146484375 32.6400146484375 0.160003662109375 0.160003662109375 21.5599975585938 21.5599975585938 15.1599731445312 15.1599731445312 5.89999389648438 5.89999389648438 0.009979248046875 0.009979248046875 0.010009765625 0.010009765625 13.8800048828125 13.8800048828125 0.08001708984375
20.9400024414062 20.9400024414062 25.1499938964844 25.1499938964844 25.9100036621094 25.9100036621094 24.510009765625 24.510009765625 29.3699951171875 29.3699951171875 32.0699768066406 32.0699768066406 29 29 30.0999755859375 30.0999755859375 31.3999938964844 31.3999938964844 33.2799987792969 33.2799987792969 33.2999877929688 33.2999877929688 32.8299865722656 32.8299865722656 35.8700256347656 35.8700256347656 27.2999877929688 27.2999877929688 32.8000183105469 32.8000183105469 8.17001342773438 8.17001342773438 24.2200012207031 24.2200012207031 32.6400146484375 32.6400146484375 0.160003662109375 0.160003662109375 21.5599975585938 21.5599975585938 15.1599731445312 15.1599731445312 5.89999389648438 5.89999389648438 0.009979248046875 0.009979248046875 0.010009765625 0.010009765625 13.8800048828125 13.8800048828125 0.08001708984375
27.2300109863281 27.2300109863281 26.4299926757812 26.4299926757812 24.4700012207031 24.4700012207031 29.1000061035156 29.1000061035156 27.6600036621094 27.6600036621094 25.6700134277344 25.6700134277344 29.75 29.75 33.5599975585938 33.5599975585938 30.510009765625 30.510009765625 30.6100158691406 30.6100158691406 0 0 29.6799926757812 29.6799926757812 29.8000183105469 29.8000183105469 28.0299987792969 28.0299987792969 35 35 29.5400085449219 29.5400085449219 35.2200012207031 35.2200012207031 15.4400024414062 15.4400024414062 31.9900207519531 31.9900207519531 6.30001831054688 6.30001831054688 12.6000061035156 12.6000061035156 0 0 11.9199829101562 11.9199829101562 0 0 1.05999755859375 1.05999755859375 4.03997802734375
27.2300109863281 27.2300109863281 26.4299926757812 26.4299926757812 24.4700012207031 24.4700012207031 29.1000061035156 29.1000061035156 27.6600036621094 27.6600036621094 25.6700134277344 25.6700134277344 29.75 29.75 33.5599975585938 33.5599975585938 30.510009765625 30.510009765625 30.6100158691406 30.6100158691406 0 0 29.6799926757812 29.6799926757812 29.8000183105469 29.8000183105469 28.0299987792969 28.0299987792969 35 35 29.5400085449219 29.5400085449219 35.2200012207031 35.2200012207031 15.4400024414062 15.4400024414062 31.9900207519531 31.9900207519531 6.30001831054688 6.30001831054688 12.6000061035156 12.6000061035156 0 0 11.9199829101562 11.9199829101562 0 0 1.05999755859375 1.05999755859375 4.03997802734375
24.1699829101562 24.1699829101562 26.1499938964844 26.1499938964844 28.9700012207031 28.9700012207031 14.2900085449219 14.2900085449219 28.0899963378906 28.0899963378906 29.7300109863281 29.7300109863281 31.1699829101562 31.1699829101562 34.510009765625 34.510009765625 35.760009765625 35.760009765625 30.1900024414062 30.1900024414062 17.7300109863281 17.7300109863281 31.989990234375 31.989990234375 33.8200073242188 33.8200073242188 25.6600036621094 25.6600036621094 29.9400024414062 29.9400024414062 16.1300048828125 16.1300048828125 31.6599731445312 31.6599731445312 30.6100158691406 30.6100158691406 31.7300109863281 31.7300109863281 27.8500061035156 27.8500061035156 31.3899841308594 31.3899841308594 1.510009765625 1.510009765625 0.40997314453125 0.40997314453125 9.33001708984375 9.33001708984375 10.8899841308594 10.8899841308594 0.040008544921875
24.1699829101562 24.1699829101562 26.1499938964844 26.1499938964844 28.9700012207031 28.9700012207031 14.2900085449219 14.2900085449219 28.0899963378906 28.0899963378906 29.7300109863281 29.7300109863281 31.1699829101562 31.1699829101562 34.510009765625 34.510009765625 35.760009765625 35.760009765625 30.1900024414062 30.1900024414062 17.7300109863281 17.7300109863281 31.989990234375 31.989990234375 33.8200073242188 33.8200073242188 25.6600036621094 25.6600036621094 29.9400024414062 29.9400024414062 16.1300048828125 16.1300048828125 31.6599731445312 31.6599731445312 30.6100158691406 30.6100158691406 31.7300109863281 31.7300109863281 27.8500061035156 27.8500061035156 31.3899841308594 31.3899841308594 1.510009765625 1.510009765625 0.40997314453125 0.40997314453125 9.33001708984375 9.33001708984375 10.8899841308594 10.8899841308594 0.040008544921875
27.1900024414062 27.1900024414062 28.1499938964844 28.1499938964844 26.2099914550781 26.2099914550781 28.3299865722656 28.3299865722656 25.0500183105469 25.0500183105469 31.0800170898438 31.0800170898438 35.3200073242188 35.3200073242188 5.10000610351562 5.10000610351562 32.2000122070312 32.2000122070312 25.6400146484375 25.6400146484375 26.0299987792969 26.0299987792969 26.4100036621094 26.4100036621094 21.8100280761719 21.8100280761719 27.4800109863281 27.4800109863281 26.6700134277344 26.6700134277344 28.6199951171875 28.6199951171875 0 0 28.8399963378906 28.8399963378906 22.4599914550781 22.4599914550781 32.4499816894531 32.4499816894531 32.6100158691406 32.6100158691406 0 0 30.5800170898438 30.5800170898438 0 0 21.4300231933594 21.4300231933594 0
27.1900024414062 27.1900024414062 28.1499938964844 28.1499938964844 26.2099914550781 26.2099914550781 28.3299865722656 28.3299865722656 25.0500183105469 25.0500183105469 31.0800170898438 31.0800170898438 35.3200073242188 35.3200073242188 5.10000610351562 5.10000610351562 32.2000122070312 32.2000122070312 25.6400146484375 25.6400146484375 26.0299987792969 26.0299987792969 26.4100036621094 26.4100036621094 21.8100280761719 21.8100280761719 27.4800109863281 27.4800109863281 26.6700134277344 26.6700134277344 28.6199951171875 28.6199951171875 0 0 28.8399963378906 28.8399963378906 22.4599914550781 22.4599914550781 32.4499816894531 32.4499816894531 32.6100158691406 32.6100158691406 0 0 30.5800170898438 30.5800170898438 0 0 21.4300231933594 21.4300231933594 0
22.8399963378906 22.8399963378906 23.2000122070312 23.2000122070312 27.5 27.5 0.180023193359375 0.180023193359375 20.6999816894531 20.6999816894531 29.8399963378906 29.8399963378906 31.510009765625 31.510009765625 35.7000122070312 35.7000122070312 17.1900024414062 17.1900024414062 26.6599731445312 26.6599731445312 31.4299926757812 31.4299926757812 30.0199890136719 30.0199890136719 27.5800170898438 27.5800170898438 21.5199890136719 21.5199890136719 26.7000122070312 26.7000122070312 25.3899841308594 25.3899841308594 30.7099914550781 30.7099914550781 27.5599975585938 27.5599975585938 32.9700012207031 32.9700012207031 30.7200012207031 30.7200012207031 31.8300170898438 31.8300170898438 25.6199951171875 25.6199951171875 29.6499938964844 29.6499938964844 2.22000122070312 2.22000122070312 25.510009765625 25.510009765625 15.3800048828125
22.8399963378906 22.8399963378906 23.2000122070312 23.2000122070312 27.5 27.5 0.180023193359375 0.180023193359375 20.6999816894531 20.6999816894531 29.8399963378906 29.8399963378906 31.510009765625 31.510009765625 35.7000122070312 35.7000122070312 17.1900024414062 17.1900024414062 26.6599731445312 26.6599731445312 31.4299926757812 31.4299926757812 30.0199890136719 30.0199890136719 27.5800170898438 27.5800170898438 21.5199890136719 21.5199890136719 26.7000122070312 26.7000122070312 25.3899841308594 25.3899841308594 30.7099914550781 30.7099914550781 27.5599975585938 27.5599975585938 32.9700012207031 32.9700012207031 30.7200012207031 30.7200012207031 31.8300170898438 31.8300170898438 25.6199951171875 25.6199951171875 29.6499938964844 29.6499938964844 2.22000122070312 2.22000122070312 25.510009765625 25.510009765625 15.3800048828125
0 0 5.35000610351562 5.35000610351562 17.2100219726562 17.2100219726562 28.3599853515625 28.3599853515625 28.5700073242188 28.5700073242188 32.1699829101562 32.1699829101562 33.02001953125 33.02001953125 28.6100158691406 28.6100158691406 29.6700134277344 29.6700134277344 22.7799987792969 22.7799987792969 28.5799865722656 28.5799865722656 28.2300109863281 28.2300109863281 32.2899780273438 32.2899780273438 26.3500061035156 26.3500061035156 20.4200134277344 20.4200134277344 29.3599853515625 29.3599853515625 29.6099853515625 29.6099853515625 33.2699890136719 33.2699890136719 26.72998046875 26.72998046875 33.8399963378906 33.8399963378906 32.760009765625 32.760009765625 33.6500244140625 33.6500244140625 0.94000244140625 0.94000244140625 18.6699829101562 18.6699829101562 0.240020751953125 0.240020751953125 22.2100219726562
0 0 5.35000610351562 5.35000610351562 17.2100219726562 17.2100219726562 28.3599853515625 28.3599853515625 28.5700073242188 28.5700073242188 32.1699829101562 32.1699829101562 33.02001953125 33.02001953125 28.6100158691406 28.6100158691406 29.6700134277344 29.6700134277344 22.7799987792969 22.7799987792969 28.5799865722656 28.5799865722656 28.2300109863281 28.2300109863281 32.2899780273438 32.2899780273438 26.3500061035156 26.3500061035156 20.4200134277344 20.4200134277344 29.3599853515625 29.3599853515625 29.6099853515625 29.6099853515625 33.2699890136719 33.2699890136719 26.72998046875 26.72998046875 33.8399963378906 33.8399963378906 32.760009765625 32.760009765625 33.6500244140625 33.6500244140625 0.94000244140625 0.94000244140625 18.6699829101562 18.6699829101562 0.240020751953125 0.240020751953125 22.2100219726562
0 0 0.58001708984375 0.58001708984375 3.3800048828125 3.3800048828125 0.889984130859375 0.889984130859375 6.19000244140625 6.19000244140625 29.2300109863281 29.2300109863281 16.4700012207031 16.4700012207031 29.2099914550781 29.2099914550781 30.9500122070312 30.9500122070312 28.2799987792969 28.2799987792969 27.8599853515625 27.8599853515625 28.4500122070312 28.4500122070312 26.1300048828125 26.1300048828125 26.0299987792969 26.0299987792969 29.3299865722656 29.3299865722656 20.4300231933594 20.4300231933594 31.2599792480469 31.2599792480469 30.6499938964844 30.6499938964844 33.2300109863281 33.2300109863281 30.6800231933594 30.6800231933594 34.3899841308594 34.3899841308594 31.3200073242188 31.3200073242188 10.1300048828125 10.1300048828125 1.30999755859375 1.30999755859375 18.4400024414062 18.4400024414062 23.3600158691406
0 0 0.58001708984375 0.58001708984375 3.3800048828125 3.3800048828125 0.889984130859375 0.889984130859375 6.19000244140625 6.19000244140625 29.2300109863281 29.2300109863281 16.4700012207031 16.4700012207031 29.2099914550781 29.2099914550781 30.9500122070312 30.9500122070312 28.2799987792969 28.2799987792969 27.8599853515625 27.8599853515625 28.4500122070312 28.4500122070312 26.1300048828125 26.1300048828125 26.0299987792969 26.0299987792969 29.3299865722656 29.3299865722656 20.4300231933594 20.4300231933594 31.2599792480469 31.2599792480469 30.6499938964844 30.6499938964844 33.2300109863281 33.2300109863281 30.6800231933594 30.6800231933594 34.3899841308594 34.3899841308594 31.3200073242188 31.3200073242188 10.1300048828125 10.1300048828125 1.30999755859375 1.30999755859375 18.4400024414062 18.4400024414062 23.3600158691406
0 0 19.8500061035156 19.8500061035156 19.5299987792969 19.5299987792969 26.75 26.75 0 0 0 0 0 0 20.760009765625 20.760009765625 21.4100036621094 21.4100036621094 28.8900146484375 28.8900146484375 0.33001708984375 0.33001708984375 29.0099792480469 29.0099792480469 1.27999877929688 1.27999877929688 27.6300048828125 27.6300048828125 28.1700134277344 28.1700134277344 22.2699890136719 22.2699890136719 25.9700012207031 25.9700012207031 27.3900146484375 27.3900146484375 17.7900085449219 17.7900085449219 22.6399841308594 22.6399841308594 20.0400085449219 20.0400085449219 33.3800048828125 33.3800048828125 33.7100219726562 33.7100219726562 16.9100036621094 16.9100036621094 0.389984130859375 0.389984130859375 21.5199890136719
0 0 19.8500061035156 19.8500061035156 19.5299987792969 19.5299987792969 26.75 26.75 0 0 0 0 0 0 20.760009765625 20.760009765625 21.4100036621094 21.4100036621094 28.8900146484375 28.8900146484375 0.33001708984375 0.33001708984375 29.0099792480469 29.0099792480469 1.27999877929688 1.27999877929688 27.6300048828125 27.6300048828125 28.1700134277344 28.1700134277344 22.2699890136719 22.2699890136719 25.9700012207031 25.9700012207031 27.3900146484375 27.3900146484375 17.7900085449219 17.7900085449219 22.6399841308594 22.6399841308594 20.0400085449219 20.0400085449219 33.3800048828125 33.3800048828125 33.7100219726562 33.7100219726562 16.9100036621094 16.9100036621094 0.389984130859375 0.389984130859375 21.5199890136719
0.010009765625 0.010009765625 0 0 22.6300048828125 22.6300048828125 21.9500122070312 21.9500122070312 24.8700256347656 24.8700256347656 30.6800231933594 30.6800231933594 0 0 25.3699951171875 25.3699951171875 14.7000122070312 14.7000122070312 21.3299865722656 21.3299865722656 27.5400085449219 27.5400085449219 7.07998657226562 7.07998657226562 19.7400207519531 19.7400207519531 26.260009765625 26.260009765625 24.5399780273438 24.5399780273438 19.3399963378906 19.3399963378906 28.4200134277344 28.4200134277344 31.9099731445312 31.9099731445312 23.8399963378906 23.8399963378906 22.8900146484375 22.8900146484375 27.9000244140625 27.9000244140625 24.9299926757812 24.9299926757812 25.3699951171875 25.3699951171875 2.55999755859375 2.55999755859375 0.1400146484375 0.1400146484375 6.92999267578125
0.010009765625 0.010009765625 0 0 22.6300048828125 22.6300048828125 21.9500122070312 21.9500122070312 24.8700256347656 24.8700256347656 30.6800231933594 30.6800231933594 0 0 25.3699951171875 25.3699951171875 14.7000122070312 14.7000122070312 21.3299865722656 21.3299865722656 27.5400085449219 27.5400085449219 7.07998657226562 7.07998657226562 19.7400207519531 19.7400207519531 26.260009765625 26.260009765625 24.5399780273438 24.5399780273438 19.3399963378906 19.3399963378906 28.4200134277344 28.4200134277344 31.9099731445312 31.9099731445312 23.8399963378906 23.8399963378906 22.8900146484375 22.8900146484375 27.9000244140625 27.9000244140625 24.9299926757812 24.9299926757812 25.3699951171875 25.3699951171875 2.55999755859375 2.55999755859375 0.1400146484375 0.1400146484375 6.92999267578125
0 0 0 0 0 0 18.2799987792969 18.2799987792969 22.1199951171875 22.1199951171875 22.3200073242188 22.3200073242188 27.4200134277344 27.4200134277344 21.6399841308594 21.6399841308594 22.2799987792969 22.2799987792969 20.8999938964844 20.8999938964844 1.47000122070312 1.47000122070312 13.1799926757812 13.1799926757812 28 28 0 0 25.6999816894531 25.6999816894531 27.3000183105469 27.3000183105469 26.5099792480469 26.5099792480469 1.02999877929688 1.02999877929688 20.1700134277344 20.1700134277344 25.530029296875 25.530029296875 28.0600280761719 28.0600280761719 28.5299987792969 28.5299987792969 28.6399841308594 28.6399841308594 23.2799987792969 23.2799987792969 1.11001586914062 1.11001586914062 0
0 0 0 0 0 0 18.2799987792969 18.2799987792969 22.1199951171875 22.1199951171875 22.3200073242188 22.3200073242188 27.4200134277344 27.4200134277344 21.6399841308594 21.6399841308594 22.2799987792969 22.2799987792969 20.8999938964844 20.8999938964844 1.47000122070312 1.47000122070312 13.1799926757812 13.1799926757812 28 28 0 0 25.6999816894531 25.6999816894531 27.3000183105469 27.3000183105469 26.5099792480469 26.5099792480469 1.02999877929688 1.02999877929688 20.1700134277344 20.1700134277344 25.530029296875 25.530029296875 28.0600280761719 28.0600280761719 28.5299987792969 28.5299987792969 28.6399841308594 28.6399841308594 23.2799987792969 23.2799987792969 1.11001586914062 1.11001586914062 0
0 0 0 0 0.029998779296875 0.029998779296875 0 0 11.0499877929688 11.0499877929688 19.7799987792969 19.7799987792969 19.010009765625 19.010009765625 21.6799926757812 21.6799926757812 16.8999938964844 16.8999938964844 20.0299987792969 20.0299987792969 24.5700073242188 24.5700073242188 23.1900024414062 23.1900024414062 26.2799987792969 26.2799987792969 6.97000122070312 6.97000122070312 25.3299865722656 25.3299865722656 3.76998901367188 3.76998901367188 0.470001220703125 0.470001220703125 29.2599792480469 29.2599792480469 26.0699768066406 26.0699768066406 23.9400024414062 23.9400024414062 24.8999938964844 24.8999938964844 23.6699829101562 23.6699829101562 26.9400024414062 26.9400024414062 27.3200073242188 27.3200073242188 0 0 0
0 0 0 0 0.029998779296875 0.029998779296875 0 0 11.0499877929688 11.0499877929688 19.7799987792969 19.7799987792969 19.010009765625 19.010009765625 21.6799926757812 21.6799926757812 16.8999938964844 16.8999938964844 20.0299987792969 20.0299987792969 24.5700073242188 24.5700073242188 23.1900024414062 23.1900024414062 26.2799987792969 26.2799987792969 6.97000122070312 6.97000122070312 25.3299865722656 25.3299865722656 3.76998901367188 3.76998901367188 0.470001220703125 0.470001220703125 29.2599792480469 29.2599792480469 26.0699768066406 26.0699768066406 23.9400024414062 23.9400024414062 24.8999938964844 24.8999938964844 23.6699829101562 23.6699829101562 26.9400024414062 26.9400024414062 27.3200073242188 27.3200073242188 0 0 0
